7591
18170
88333
90016
73931
54889
64996
46941
60690
19324
46174
50022
21888
44224
69213
85529
1474
68146
86956
42495
13160
16971
5308
29677
98465
31945
67027
77509
37445
56468
40517
10607
12316
73787
98728
7412
90539
72777
38665
8840
94356
71625
95984
5963
91463
78579
35776
85752
75054
58637
17755
12286
66431
24226
89582
69163
71519
54486
11924
20409
31580
90057
44773
89597
82243
82955
80841
72413
29382
94765
96494
44493
40411
70310
49431
10448
14269
18048
96862
70626
5240
47624
69889
28655
93433
30509
75846
69243
18524
46599
93784
24800
89686
10123
17769
17271
11691
88977
97131
3338
27162
95917
24195
4453
15588
1912
89974
42971
29145
75379
27613
82844
61039
36403
34483
90123
29828
38137
81562
79770
30902
22373
32452
11686
90808
35646
57439
16423
33852
61716
3835
75120
70738
89422
64930
67657
5284
11139
30800
38713
35437
24330
28626
22916
80591
44423
38069
24614
89727
11455
62240
52824
6434
32566
53062
56775
84989
86491
31970
92278
18047
25115
65878
46868
38315
16172
65855
44841
30307
68717
24348
21816
7783
61589
69050
62536
57486
84350
14089
19582
72461
29280
84989
19571
453
75134
1213
53536
36026
7853
4492
90598
93703
87990
58535
314
5499
79224
66100
9277
82587
82550
6773
63228
64885
90670
29345
6383
79545
36710
29117
62976
13394
69963
75923
7037
2988
74160
45883
97081
34880
78749
31014
94445
55892
32365
22415
97659
62916
85190
87849
17583
12886
53540
93915
85147
57226
97215
95516
47785
53638
83492
50958
1741
73219
68905
82373
98393
60789
80103
31212
91707
55742
80215
58207
23466
69294
40361
11208
88719
87692
85799
42193
76366
95755
74071
35136
46506
8920
60891
22720
41505
87540
19123
11788
24566
92419
19470
42675
50701
93678
11736
84975
77550
75263
83972
94445
28827
31352
73561
16598
35867
88881
16572
90986
47742
80096
58265
61661
5628
70604
84831
7439
20033
89274
36869
96386
61957
68848
19101
98127
80988
26678
95500
36642
532
8738
82157
61302
22349
4239
59195
8916
40836
52062
69429
60992
26151
99863
44271
85527
99825
44801
17959
56484
57867
41896
76452
13828
31387
6195
94871
49319
41997
19470
1132
7571
14066
31609
63332
97304
15242
70486
90351
95641
76562
43938
84443
10179
32991
30232
75221
62373
21161
93864
35429
70449
7656
91099
93046
27699
6173
25951
4530
38518
84771
41252
78967
86552
4471
83186
47352
63522
51058
31279
46753
25424
24234
23803
15719
47035
67154
91520
63257
9674
92618
55729
88344
88901
24604
95444
41893
15799
99050
89904
12594
94046
8286
65063
99399
9595
80832
34622
77861
13410
34291
29525
83898
97207
59274
45189
16289
23760
98059
2213
47841
68672
41655
92459
92836
2320
81507
15590
14091
31243
42444
66912
54509
20986
58166
66236
8147
56523
69765
31417
4158
74750
33685
23000
98667
94585
74854
64401
11049
11913
2434
98268
78495
61905
7835
13955
88551
97095
16371
82775
17077
95118
61274
56487
251
68832
74057
75910
61170
12023
7621
78415
57436
56520
86240
91464
30561
49628
22721
91874
73621
61964
14995
32642
996
61246
84122
84269
46641
20920
18073
69503
99411
54334
43376
28342
58408
29316
1121
91093
9366
90719
62470
55524
20505
56983
54226
87190
3091
3416
21004
48949
43086
15775
62819
35826
79223
40860
55740
84199
8925
16887
23987
85298
98031
72511
57110
36413
92602
6611
12568
80331
38671
91458
32102
16922
69722
54610
35225
69564
70444
14753
38519
93120
73626
65946
1938
98686
86075
44223
88306
82333
64079
19969
71754
82790
33210
45292
42273
77682
53098
31200
92699
37261
17676
25174
16093
55009
41064
20917
75404
90749
89682
23857
18852
38378
76446
25590
27659
53626
12882
46383
50937
73818
46881
94858
83660
76398
3501
46199
99613
60301
31889
24965
37619
64394
47122
80044
60586
6135
76106
10967
82579
25056
84395
96741
5422
75855
39243
58533
19933
10837
80556
64156
42478
60326
11760
87748
68573
47212
45801
2814
43448
76886
84934
44407
82303
82257
40364
60895
52010
48626
97365
10442
33315
13890
24230
16177
82473
23223
68753
91067
293
42839
33271
62963
89280
4956
3285
46709
63627
41469
37982
52098
10903
51530
47567
73178
72664
54137
99817
92775
82795
28195
48701
61691
78177
32759
71628
16666
98666
54035
1653
32747
47545
3768
4152
28429
45728
53872
6236
37147
76485
33500
33852
21330
22158
52043
98513
59106
88198
38811
42237
45658
28500
91133
82147
2692
96774
38446
46112
39948
66850
37053
97119
65658
11017
52407
91888
36124
48473
29274
59821
15907
63534
12529
36927
56849
83962
12444
13901
55844
73002
38232
78179
99783
48033
18742
13846
42488
62475
28107
52778
97209
90186
52066
3608
21942
28330
99828
43550
14835
27923
4180
70246
43046
21908
71285
751
60546
19490
63736
44161
60356
23162
31386
46583
66005
97902
32484
75342
40568
81253
41438
39967
58822
25974
56556
30390
49941
94525
4216
77659
45860
62328
39629
8763
52194
44409
47517
51416
51797
29073
17537
20212
85497
62748
90885
69393
70482
79943
50533
2868
90244
98472
12788
59705
8524
46609
1608
5611
26359
72778
73485
17637
62684
59826
62250
24587
76151
30746
83790
44038
56432
10490
10175
97796
38828
30173
83137
19614
59228
14586
72960
7564
17485
51423
9411
69844
65820
13565
94921
47284
9615
17798
68152
96986
21231
21745
85941
87800
95735
531
1807
45376
20922
15681
5269
39122
87850
34809
6164
99180
98879
82823
45984
62876
87998
75528
65109
65491
40906
95176
76255
49884
93389
29134
84721
39162
85014
94188
10170
7008
14902
95055
68937
81673
85155
88890
52356
60440
36789
68023
66303
37763
58272
44542
84681
36039
2871
47481
13440
62356
26828
1661
94318
32891
29929
38855
13359
63179
28199
83469
64936
372
7574
70496
83986
44162
58735
58194
15803
75572
31504
73047
48682
19457
17348
45097
12501
9788
89638
94480
26576
46049
78336
64065
61024
15453
85695
63314
71960
82707
57856
51732
26169
73944
87585
63193
28003
30765
8082
65305
86402
68684
49365
97859
6822
44065
93383
14017
70721
49427
81197
40497
72375
52689
53413
17224
77005
5756
13168
44907
32079
47045
26243
15419
47261
80836
49987
81201
4647
196
46409
56741
59764
19691
17476
66751
74598
76769
49607
95486
1471
40487
71006
63744
85276
92401
55400
3050
42962
13735
41866
32920
73729
80381
8387
59637
52152
73172
46460
40425
70256
40079
34123
8542
2904
10854
79797
80739
17535
13782
81510
42261
13198
64795
74680
49009
88328
85131
59522
4663
18115
39966
8329
57256
18256
54512
48742
40887
17156
66009
99703
71998
1527
78668
56637
62714
18348
94717
54288
73816
88614
53022
6806
16754
93018
3813
2693
17513
73038
25528
70522
29385
75403
22814
79989
25889
60080
94507
48948
45253
48205
59865
9142
39787
44198
80198
64370
76906
91024
10666
49282
98207
10794
2856
86805
46040
47485
81969
43785
10638
72476
95687
86389
35531
55071
72084
99066
82533
93163
40175
83682
24649
4942
25523
22505
79946
16564
62228
48035
95789
52950
26404
22701
37475
1623
71829
86611
38559
99993
21466
76457
59326
43638
7001
19840
16291
70187
83755
19893
66924
24866
76920
793
15220
14866
53075
73994
36023
31891
314
11142
93325
29188
13187
41072
92162
51098
4842
12672
48634
58546
87198
92592
98652
98274
29146
36232
5640
29379
59032
13616
50394
21585
80741
71641
97881
76681
91052
60788
46924
41264
15240
4535
35662
31932
4475
33423
61830
94515
5343
83508
42446
50054
96679
41169
85019
80732
67150
35869
51073
32396
65114
50026
81650
83417
72924
58618
87050
76480
38207
40241
19882
70145
49633
92023
89697
89713
60353
60838
28461
97344
56622
68543
93612
98201
72420
98108
41584
32526
6945
21071
86236
39394
42364
22675
58855
18917
83587
8561
52282
71383
47100
50724
71226
6464
50539
19736
75001
99993
32086
57624
83160
70702
37700
79188
87676
28481
50503
60790
51479
68302
42878
33810
36442
21575
2057
91284
30256
40810
15959
45468
15781
21931
10006
40477
98042
40779
39672
33697
94253
46626
78341
5297
72767
38470
18431
59196
51996
22970
52319
49071
96897
80207
14474
45117
68351
4583
64581
88419
38529
19826
64681
34599
80610
61895
16639
37249
41309
72682
23707
11235
80621
41524
2050
57107
61469
74078
46894
45523
27352
75990
43187
4888
97372
48615
98145
53302
31722
96203
28202
99466
59105
76739
92984
53325
82298
54347
862
16833
56292
41666
69335
80796
93424
73040
94119
94062
64638
10296
15566
90754
63431
20110
38348
68714
67380
35027
79280
69448
72253
82894
33145
29164
77971
11524
73281
91658
98959
67452
29079
65255
71504
45589
6432
50005
43405
41623
93601
72031
86680
8015
58568
33556
97480
1168
10461
44597
11025
99075
24870
40152
23993
79640
40789
69463
56881
32385
65876
23709
66602
65109
36096
93354
22279
57147
18246
64444
17567
18317
25692
17818
65271
89167
42599
67325
21363
76877
65786
78236
1648
7991
11810
72961
57724
29073
30340
39684
33567
66715
32734
24465
76291
58785
24789
45610
75792
47619
61152
79896
8903
51895
54521
42912
46916
92682
30795
94250
60105
10481
91172
53756
32340
44567
49506
88204
31761
49059
69756
95885
96240
68442
49541
56200
6246
28655
1817
91112
25664
91346
89598
42484
15624
44792
19547
33951
91167
63767
2451
38817
56041
59922
68717
54422
61923
94723
82583
39965
75768
3623
18069
82346
61139
68254
93154
65826
45811
13433
26986
67913
21849
77889
24578
90992
46060
69819
64686
71950
59687
7827
8702
58258
11789
60779
55415
93385
71307
71712
42375
29033
37473
1747
67119
66621
72561
51869
70580
17000
20250
47357
99083
44874
31708
25075
57159
87716
21543
87753
59416
39427
18402
19320
76181
11713
30604
78036
57858
53035
80929
13950
56050
67720
53073
44661
41801
24791
20497
85280
21041
42802
83292
98469
6678
73284
91113
12873
3940
99426
11571
19787
85043
23730
32329
59780
14554
88842
58239
40766
24477
67055
10674
50132
32818
51376
89668
66716
52442
67870
89900
27621
78946
73612
98142
45547
4263
62141
70164
15185
71745
71023
80242
33901
87540
58581
77946
57061
12168
49368
34799
58064
81755
26182
24139
67786
39391
61585
89093
5720
38514
43489
50073
17784
89369
5691
37097
37803
66049
50915
46047
59314
91138
38617
30937
86399
36337
56423
84959
36924
82398
15228
54830
10312
61222
91929
5213
50849
4
81219
84798
37736
99637
8278
53415
83616
14783
16414
56383
967
61366
33974
53351
57247
17275
84687
50820
93143
14746
69223
33248
92116
39292
22153
506
77104
31361
47802
36960
99652
95494
64210
65645
83177
40590
70014
52768
12895
85688
55354
7305
49297
74624
14983
72605
11780
11118
69724
37653
76101
3525
15175
95216
65685
18143
25330
12196
93560
24824
16777
19985
18359
80490
90730
42297
47858
79233
70962
88727
47149
91662
38675
6386
75231
55141
74653
44227
5998
25024
95341
18003
59158
44280
47550
54655
65879
351
61142
6169
64373
89340
70198
91586
95572
46099
25220
33022
17205
63528
34758
91395
6486
33798
22187
77249
13897
40310
29496
48591
18979
93445
84527
65055
71659
36666
36420
67761
90205
96174
43823
93138
86634
67682
46779
16629
82543
65671
84123
34743
53497
71400
6483
1316
43922
51514
56727
14596
68419
81538
70609
49838
24563
35066
96184
41807
681
54451
32521
88230
84322
2450
90285
80898
40790
36875
67147
45613
49191
36216
26621
38355
34132
99150
82177
76636
82752
11567
56559
87841
75527
13056
96118
67955
41645
59581
65401
9236
20556
70108
9367
52387
56846
92843
16540
52305
85985
50915
59081
64084
73076
47678
55075
78252
41024
78781
11343
49370
29135
71646
38902
87319
7709
72910
60564
23241
19123
7629
90505
89048
90922
64107
81666
6920
77469
58619
79420
46842
69492
16602
90975
50577
87172
45097
67313
26957
29916
26951
60813
7591
18159
31481
16359
11753
27556
12708
25790
5168
26633
52416
12828
99333
7364
28754
60763
22580
98485
3749
21310
2122
53979
94043
80390
66022
58566
34483
29081
48959
87616
43823
43349
68595
15773
42000
71527
9366
38360
63228
94285
5491
35306
52817
52665
33505
83343
13637
53303
58431
72321
18500
62409
62880
11602
17396
52868
441
96817
74909
88451
79485
2845
16639
81686
41002
17074
82852
12625
90482
6062
81395
96760
88492
11886
98439
14247
84543
41623
17282
43355
22551
53164
80829
68044
46562
22618
71577
68393
20935
40419
15218
66580
66385
79760
34011
29995
67038
16005
47983
25381
6629
54118
36716
56016
82446
56499
42102
42450
39026
98353
43066
26850
77356
26850
85587
47956
84343
70768
5805
41120
82689
97607
61967
91115
28111
87164
46151
50153
22951
27900
83166
90157
79976
13249
73198
81058
18427
82546
51170
90854
93581
95055
91172
1561
73826
73583
29326
50909
48316
74740
35909
87523
30843
99567
92540
90442
33631
19802
71768
73362
56270
23141
82653
84292
53698
78334
2954
55314
95473
13744
67490
78468
25990
85283
41932
25307
73448
22249
79199
84955
452
22841
90302
93465
37494
67200
52074
65129
71870
55583
63813
22196
87292
30381
73749
27945
40882
50236
67909
53445
83055
77404
10382
28837
53275
4404
14500
96040
39261
36082
68189
4663
46425
13580
32935
85883
20448
63502
53902
69719
44822
414
49966
96324
59294
44145
45058
59182
45426
92722
64547
65756
35930
85174
3997
70754
7897
14682
2212
36219
4614
3159
95905
54571
68624
46085
71581
11195
4629
72141
71886
50960
49971
79169
17290
35725
75493
2505
43291
48052
11281
19287
53366
26597
34110
18036
39594
78841
17317
8141
29638
87838
18282
98601
14230
87919
42791
36724
32716
64646
68836
69181
28889
69521
58471
613
47971
88838
33797
17982
58817
18055
29805
1137
92306
33255
48792
9030
55500
48297
78927
75867
91842
85428
77841
43178
28645
80185
20425
51844
42128
36451
9790
51825
5515
62686
93493
82697
61578
74071
76400
26513
93090
78818
24399
21339
65909
79483
53543
82799
15250
92612
13756
95528
45776
82413
44727
93966
25218
85609
5383
94841
70642
51301
93265
59580
58625
51598
13516
28633
67156
60712
94991
25638
68487
37075
94678
92683
21199
66453
55423
29591
61462
84040
46242
37838
64306
41380
4136
88548
4071
18424
37592
51790
8797
10780
37389
11176
22457
76082
23595
37796
4466
94823
478
34934
48205
35709
99222
85997
30622
28061
31195
9778
27803
59569
5171
14837
16857
89317
80951
88074
9249
43024
18735
64461
39785
48740
13375
91654
30788
67256
31272
53715
54347
70426
5862
63957
60202
80709
83351
50319
75346
61115
41680
70424
79007
28640
75283
35543
58081
24460
31308
25897
92313
42541
97377
68686
22130
9291
67842
56966
83514
48823
87385
97273
80958
62133
56249
11555
98081
71101
6160
55149
86741
88536
74729
44706
10231
15924
63781
61479
33503
63564
19081
54078
14881
87631
89967
70649
95326
74071
73839
77636
42918
93297
2259
66593
72584
64281
49440
7145
11994
819
85130
77327
89956
739
70151
10802
64206
36428
47632
37469
34589
19945
61752
47613
56967
78798
23940
80884
11787
91712
35621
33282
66530
74454
73717
42227
22007
3445
38400
80362
44119
39686
6660
2595
24704
79659
81441
5287
59471
32896
24629
32791
62578
317
8918
67030
55533
97550
36183
5374
6548
53200
1140
24514
74709
10583
91614
89669
68940
91820
9075
22210
26792
59924
72417
8830
39428
1154
83795
80071
18314
75890
15389
75075
1356
69138
27910
29937
39381
14136
12441
40240
72897
71110
56356
33166
53799
65181
67819
76287
93091
50831
32283
44517
15924
17474
46451
48887
58412
1539
34153
97468
69936
65985
61958
27499
66472
32081
2202
46774
73280
58947
17122
7556
70345
70520
12940
37700
59492
65784
45564
72616
11365
97915
39149
90148
87956
12352
47541
22545
46841
87721
76774
82774
57816
71900
90892
46283
36868
7677
41744
11359
42434
46084
67307
98997
13962
85441
74386
87468
89456
26837
25811
87877
79986
89635
6026
61268
11079
89289
97094
58097
31874
26017
52389
81080
77631
58788
20959
32627
81481
2696
9610
35533
77877
54590
58023
68707
55851
88787
86823
26387
69833
28423
52739
8897
34916
67902
22032
13160
43419
58412
59201
77443
73876
75686
88759
65592
16875
34669
50219
1184
31234
57498
67589
28562
33536
57761
24947
78931
30848
11608
65646
1100
17643
30677
13759
17532
98853
71142
8175
76056
91399
86427
34062
14641
65757
1271
14619
27750
25797
23062
82575
29973
48287
42619
55045
3269
37933
46171
19959
81411
57166
14576
39222
99091
1439
51730
82859
48528
72075
18003
68846
26917
15543
88573
53206
80262
75618
40267
91812
9453
48404
59115
133
39832
99676
31996
98554
96333
79300
30309
76819
80082
14904
88082
82566
87883
14696
34946
69114
20529
90016
30979
49621
54248
64949
74817
96382
69761
50574
37623
49976
47845
7595
29247
72604
95250
45962
20306
34343
27346
6520
57540
53176
50821
84757
11671
86779
96242
98604
44
1925
15009
36503
84685
41593
43746
72073
6580
734
27714
27308
13678
41803
5498
46521
56823
12289
93543
82876
4838
88676
35944
32710
26422
4480
4756
23071
41034
77845
29020
89341
75418
59396
53534
33193
26665
57398
994
98874
67320
35429
6957
55240
79658
22125
50517
45735
88520
12371
20307
46435
27417
57649
24156
54775
28336
82444
75113
77481
62735
80859
57336
48866
76463
41217
21563
64021
20439
40455
21863
6710
26135
91119
28742
85177
51028
73044
79016
31741
2628
52234
25085
82223
67898
97489
12654
54013
53900
3838
99544
11855
26319
16836
18199
23671
6754
36845
94650
16852
672
13047
58797
48367
73652
16979
80751
69569
94274
23399
94620
58624
90972
61285
64314
89201
81361
91373
29864
62095
2296
57155
36655
91316
50398
10112
22650
45587
42175
32818
57510
51234
63561
5141
99214
23107
57342
63899
31282
90921
75584
87456
83055
34353
67568
10196
9437
5063
29015
23887
1684
93097
73385
82204
20085
14798
56027
32683
24541
55481
91314
40835
20027
86838
91451
37430
59482
4636
97954
81561
95025
42624
81644
74208
73007
88615
89475
50883
30125
83004
95184
85447
9162
22180
94807
6872
16397
17609
40132
33551
1409
60507
7579
65149
76553
35523
76712
30197
56716
37522
64804
15025
35847
54701
70856
91354
97280
98867
63013
30040
12593
84171
54707
29669
51352
74922
84753
44193
92766
36566
63101
15140
6262
3231
55251
32206
12544
47984
36885
35656
69325
80748
50415
93626
39132
1811
49364
3670
11203
87187
18848
71199
64627
27027
48639
64612
94804
44756
82350
14583
66696
88670
13131
52849
71995
95798
43221
64079
39215
2900
92935
92292
7823
24288
12846
47998
74357
45326
63277
50016
67922
7248
56855
82910
63614
46069
26703
89393
47369
22049
85072
94256
58155
16337
66299
75059
43224
58690
80512
91171
91958
28036
51174
20893
21707
85821
52513
14812
8409
41850
72386
3244
9588
66254
98619
44944
77509
10597
11988
70088
65759
2650
40593
35770
78334
9927
71205
71991
19573
74632
20857
38467
20087
59052
41081
52009
64377
60432
96400
14128
52708
18335
56909
5037
82739
83931
93086
31187
89956
89687
65036
31224
46743
60664
67397
50765
7255
50148
85176
55537
78020
48036
42185
83660
56986
7814
90719
14705
91166
27285
28087
77723
67124
48364
17430
60294
40042
75823
6401
79615
61156
14979
74185
45475
44076
87253
99059
88955
88604
56966
25062
51478
82203
7016
36562
9738
67171
56282
6410
65791
38021
84762
15875
65923
7635
61656
43501
70166
82807
62244
75463
44235
41237
8150
25690
19675
7021
35851
64660
42086
72636
28593
83984
99732
92568
62554
66671
76739
64406
72946
58591
56169
94573
18977
56921
33180
68173
25599
19917
27161
38199
88943
69602
43234
41853
19917
17117
73567
19928
27954
71959
75255
48416
81525
52422
20677
52206
2782
41484
83495
70203
46960
36401
67279
58183
32541
40300
92947
68591
48305
28149
43981
46273
76101
35207
81507
50402
16548
36312
25765
56374
85403
65451
16002
23233
25290
58455
94070
75353
14264
76129
52774
23030
40147
53339
62900
35813
64658
98196
10176
22894
87614
649
7842
71420
5087
58051
14949
87079
33415
31549
7509
39183
63993
62615
83544
84646
48888
96643
76622
98824
68284
70634
46786
48185
35271
19871
28478
97441
49951
38638
65961
83254
32042
71370
38407
96042
76265
52077
38080
65688
28483
51130
16952
13573
22546
46393
49550
83126
2985
18580
57234
76455
7275
67261
40614
45361
79847
56034
96329
32318
80421
76446
95204
2673
86478
88657
21471
45322
65939
63968
9635
21367
15810
68468
33435
46692
36114
93162
32944
86081
91186
84983
20447
36046
39146
23621
87470
39540
46086
29579
4103
23088
28319
30534
2809
68615
89132
37542
19906
88498
98804
89259
53488
19041
33540
34281
49643
54694
65519
5298
4056
59199
34978
86036
18042
23
9223
62823
90610
39876
81404
28368
56944
41749
2484
90152
44632
29970
63710
58798
25577
44354
70427
88140
57633
52395
27865
70939
497
4276
1187
48965
46262
4355
16851
23455
74407
581
63007
34715
84538
24607
29585
39879
98054
63969
81582
15294
69799
6424
79878
28144
24415
30038
23953
6793
56469
19453
97359
67806
48427
60554
39843
86264
58036
72739
40018
53858
61837
65699
12378
6411
40120
18651
90565
54053
85908
97749
88877
37769
16337
17102
71650
97979
69754
43987
84488
44161
46962
40722
84308
30466
89026
33438
10257
977
16047
18499
19625
7870
43281
71267
79318
48174
37353
10474
10782
52838
66996
64361
3696
74556
37311
22533
1125
90035
49097
98306
68784
25613
15457
33928
30553
71777
68594
69680
12341
31552
45594
13387
27077
31562
8805
81182
57478
18009
91782
11638
65151
43481
4572
40585
12121
22410
19099
68662
67325
15611
87521
2489
88472
96558
91135
43478
9397
53596
50927
74769
81089
12909
59060
64796
46414
13861
80088
61190
94761
52372
70386
78330
10919
21814
42227
5325
88739
28019
33575
56966
24184
41174
81835
69963
48657
19591
71909
49786
77186
92493
46719
19320
91943
63357
83210
19719
29976
7036
9156
59505
23898
33269
8261
99978
73837
2601
72473
39906
22780
3533
47002
19586
64129
22353
4290
62884
76407
71783
85564
94908
34595
4254
86494
41087
3878
19197
77653
77024
2057
69800
76271
24247
88141
29601
42195
9619
46176
77010
13395
11724
71744
6330
43375
6076
11598
38534
98657
30130
50660
45512
69134
81958
32820
23346
94910
8686
43854
18953
33621
13596
30108
66653
4302
90131
98176
70016
27051
83086
52001
70007
52427
5255
47296
89919
82714
57715
59929
64656
31930
3977
3821
77780
83014
99833
21397
75931
95871
31425
14536
94203
85560
19393
51501
10429
67286
1101
10534
37080
49182
81365
14920
29217
40564
26605
44233
65041
59372
81928
53554
50806
15881
72372
59301
12013
88225
74900
1176
92729
48092
78383
66909
28531
390
87063
34234
79074
41691
59646
21801
62388
1147
80832
55081
231
54273
2626
60116
11447
88574
41581
85841
2735
21700
14559
68277
73105
64583
99126
95568
69518
61690
42339
11397
22806
61847
90795
78408
46966
76446
30914
58191
32957
25381
92365
49663
63231
23999
91128
28463
47693
1212
7698
12699
33886
30779
981
70467
87810
17630
25094
73884
45116
53613
71632
44304
14282
8939
79507
57838
93777
61747
32329
50941
59531
63199
25351
53666
66291
36598
57338
87855
77791
55460
58511
63939
80165
87338
96618
39494
96321
69717
64286
66229
47988
9301
32288
5655
72129
79652
20485
723
59702
37139
26732
98894
53312
40304
18859
36627
90561
37167
85985
70358
41289
69932
80750
20670
18194
49664
76684
17248
15344
82788
59437
26922
15941
21365
87432
39584
73934
21579
39371
29260
51571
96534
13098
18621
11280
18500
5226
46906
43469
11761
74610
34667
20480
95297
35626
86566
87009
40174
12672
99336
87733
68276
60002
59335
64640
99635
95307
98683
93130
36117
45368
39870
20555
62721
13922
80413
69881
56031
21288
58549
88076
21658
3416
94390
37923
1389
51141
90163
40055
74645
71578
97593
24372
28228
33440
79974
92622
28247
17267
81934
19180
29306
9939
29929
41339
65252
13248
60243
64634
68500
78968
86831
67807
54127
37175
1528
97387
89344
16803
97744
11867
19363
35216
19452
55112
64519
23645
59451
60097
30057
11929
37253
78308
6358
13522
91820
12597
75792
82566
31232
55210
1513
66236
3241
35362
13900
4489
43593
92500
25818
85221
16000
79021
7167
38915
48956
57803
1728
71307
82016
68992
38814
4914
18051
75033
44195
57043
9612
38392
38359
5575
63463
9979
92475
63395
93772
10113
38673
88186
44281
99337
66963
21457
4676
15230
70565
21141
71649
26693
50741
98174
31143
81580
72340
59010
99136
87605
35515
32583
66659
22659
63649
89791
67918
13848
19976
31077
26518
97101
69590
44764
40964
39990
53536
55283
19056
47027
23339
63469
94424
78159
40498
17968
29986
71980
78889
28594
57158
84835
77699
9188
75014
3606
77183
66510
47031
54142
13819
37079
11270
40786
72368
59608
65403
47546
34251
59985
93546
61526
89281
14334
23852
10343
96918
39157
50444
82848
42530
64674
35916
32048
82782
41148
20044
31877
58525
85614
48048
60464
26121
58719
41163
37918
7785
76583
66177
83001
13834
68517
73865
59154
86383
22643
71198
98745
81421
38054
64608
41414
14452
37731
18632
17521
66634
10567
886
68361
63769
46610
79464
84579
96767
28071
82965
27039
10240
9777
60688
29481
23342
27037
59682
85299
87954
25525
44748
87928
39823
90092
90225
11848
91513
79661
32537
75672
65690
70469
57997
55071
69651
63901
52196
58451
66223
16985
86572
55483
65433
5069
35632
69607
20433
84939
68558
23157
10495
89341
5397
89304
77342
18727
88316
90914
51711
30337
25738
5555
78165
25609
4226
63990
48729
61458
21833
13036
22472
622
77532
12077
22655
70185
4917
38954
40080
82918
599
29774
98010
80261
34475
43660
63736
68964
15651
10038
87173
15126
97726
57844
33333
44137
43555
40186
89390
87632
21182
42795
9058
40336
30787
88612
6439
31905
73693
5483
13811
16187
68823
37436
41051
39149
15726
48173
65333
11379
76598
30730
27537
80579
90521
60503
11817
46667
96532
61629
81541
15376
40694
61742
26784
72841
87291
7348
54541
4345
8406
27834
81083
11448
91739
73153
88720
94628
50978
24414
51776
98969
64229
78192
34714
57789
79016
73134
76438
19178
79202
5178
14292
7689
57524
91459
60655
57266
32876
37139
50577
33847
384
70839
98741
32957
7092
78396
5140
95556
87106
49732
25432
34395
32990
21377
95633
45256
6401
15784
61353
21102
88762
75556
5487
67008
37105
54985
9028
51907
50310
92154
50733
98476
884
77589
51415
54705
83535
62131
51453
87228
76925
4155
51463
639
95960
73236
66808
37243
94837
62692
62051
66973
86759
35032
26132
88051
87147
8939
1570
21307
37753
70462
52342
94436
6020
27006
24704
86006
82899
8885
95182
43142
76938
26196
87481
46523
81924
2455
59794
53546
99085
92796
66531
56844
30502
31967
95291
23591
93250
48715
30282
22906
42161
81270
91661
64015
48637
81269
86777
50302
15449
77018
34751
97606
96611
44318
95070
68553
19345
57509
54881
6698
55353
22637
42100
50434
37991
42514
53783
31740
7099
2285
58837
87470
12173
7469
457
48392
42681
1707
37674
35010
87012
51577
5441
7769
31023
34857
26385
11843
46247
31244
61881
62260
54653
41800
53960
52324
50027
97498
17206
18645
52349
98382
62003
80062
72891
56909
71222
45400
37058
35949
33026
24333
19516
84925
71080
11690
33578
32633
84594
21232
11188
30783
64521
47386
45582
5055
44090
74329
44988
40627
34160
7418
57169
89300
39383
42651
71402
44125
41971
62882
36936
66061
2507
49473
44590
90833
98542
59088
79695
28465
55330
87155
8385
62497
78977
61062
78968
95720
11532
54309
55078
52785
10527
50767
35254
57474
75337
42030
23305
81930
70016
37708
22211
7437
45920
18763
86096
40824
19206
49855
73143
76234
65044
31686
92839
34373
92772
63577
55279
86475
68462
4707
9537
33722
42013
66018
97171
20114
22824
35258
58266
52238
95056
2503
74420
20623
94046
78026
85546
41590
52749
23453
18684
7497
53661
36282
31216
56044
53631
2651
35367
87292
90638
95622
79492
95411
94564
82611
80890
87377
29291
41052
57646
21958
84612
11457
50054
50779
64680
19640
14110
42243
13744
50863
91235
53851
40121
37746
2136
16154
4457
14927
40197
29765
12419
83789
12886
19789
9261
7933
89401
667
96506
5074
47523
37182
63482
55183
31660
52988
11503
78952
24309
60777
14878
83529
42314
81870
44013
99278
68519
37255
58687
12946
61315
79371
19634
7818
88618
13926
54972
52953
79455
57588
47172
50544
9787
82029
51919
10975
38962
30296
77897
43152
88347
31777
30309
8959
49013
73948
43913
74842
42490
48974
32727
2021
82416
39243
34035
9457
45321
17303
33130
4885
51745
45510
40864
49932
42286
7550
23995
66376
33756
22062
63071
81416
20679
75968
47318
94183
93524
23186
10167
57688
77900
46494
67088
61235
49875
39640
78161
28607
62761
55010
77706
64062
46824
5578
18180
34575
10712
58582
38542
93734
49993
10017
76398
85861
14287
40682
14867
84647
8388
53390
26913
75808
249
27793
84158
66507
5664
97108
22364
35813
66885
97472
96681
21899
12410
63346
73868
53572
12773
45760
7817
25070
71205
75459
20594
53898
87626
95867
47852
63007
92970
71020
33528
69419
35401
5551
56141
76391
71967
16601
33677
9264
40876
77817
33360
25584
91714
41767
19341
38793
34256
65786
88520
59889
66212
23291
42591
48870
12236
65267
22337
528
58072
71825
3813
45579
90132
72454
17067
52186
33970
36703
9857
86091
5843
62986
12841
92452
3764
3113
42159
29095
27304
81790
95556
21569
69128
18927
85847
15917
2851
71456
50290
49522
12655
68462
8333
3446
90490
7334
53187
89255
57128
76718
664
317
8851
61937
48925
96023
65493
681
61881
6141
15039
44689
81675
43001
26017
40604
33654
80263
5097
48085
81803
39166
5640
98629
1024
55905
80865
84376
40165
4035
89207
80070
86133
3368
66493
78352
24097
64493
87813
50509
72434
22852
14948
94489
6389
53881
16130
50352
81380
13888
16417
98714
52620
77436
45325
86845
77441
88955
32734
45313
51814
78964
91005
97335
36314
31798
59375
58468
86182
9875
29194
60768
6293
84982
34201
57420
75037
27357
52535
75302
20717
31836
2765
79202
59674
53741
61369
85562
39798
70709
15016
74978
94194
20771
33361
28666
13331
71702
11294
58492
99970
79852
54323
49118
62579
20752
52271
39038
86557
71103
375
7818
82030
92908
84625
30338
59728
68497
93612
57088
10187
13404
58265
47295
8326
63633
39380
2465
43401
56044
69660
79970
86187
69320
87437
2151
11445
17904
77761
95943
68803
56920
62576
96632
78489
15513
67956
26838
69630
97251
43275
14182
53717
78310
64652
8252
26142
79517
71926
61830
90800
65906
53433
57283
22457
23168
40484
63441
45067
94501
98259
37042
76670
91108
12005
64197
93125
36398
11958
23483
28433
46620
83702
43622
69640
83922
56517
40863
57929
73935
86479
33194
38598
95839
45229
58253
80213
72137
3560
68338
39744
57836
5739
22154
46742
16098
25749
33663
5938
56655
71514
41507
34976
73505
51826
3024
49413
72735
18726
57604
64539
41856
66943
86867
90127
20526
63300
52857
5084
58614
72744
61176
96887
6592
56863
5204
19231
49125
83340
14200
30359
80376
5014
91927
12625
70363
13940
25400
76943
45372
41861
51682
81765
38570
98305
28326
86814
21329
91115
98055
47509
2069
20545
23579
32756
27497
9620
94408
23250
2886
13864
91820
91968
30637
19609
38682
49440
57755
90092
90877
39148
50728
53861
56965
18494
64573
47551
99498
11817
22944
37136
97006
33730
71217
52421
74976
83562
62820
43869
71753
71399
60594
91221
35025
2303
94842
15683
78112
99580
65377
80471
7953
30988
56449
35957
27420
92397
64826
82954
57682
84262
79956
1736
92819
2829
51844
55692
23814
82546
27841
28032
83719
20426