10000
4166
4401
6370
2774
6219
4626
5994
7786
4741
1853
6503
680
9892
5286
5055
4323
2222
3247
512
5312
3423
842
676
8817
4547
7328
7583
6875
9517
7702
8989
237
1805
706
5877
1613
3680
300
9613
836
5078
3155
702
6933
7746
3043
6592
1638
368
6394
9839
1006
4530
1387
4057
3570
1126
849
8759
2990
1646
4090
784
8339
9613
511
3178
2863
5086
413
4610
9536
8977
4366
8008
9744
89
6770
3999
7816
5444
524
8153
7564
6187
7838
1414
6855
2234
879
5131
2829
7885
314
607
9856
9406
504
6576
2848
961
280
1201
4481
7258
8607
504
1090
3636
6114
5816
6788
4038
9194
1056
5252
9369
29
6035
8463
5151
4650
190
1139
8908
3069
7782
8281
5240
8391
3082
513
604
5357
4493
5827
4173
7687
7269
3427
9684
1326
4299
1306
5926
2197
3074
8129
584
3470
7717
7824
8710
7668
8358
3338
3496
9496
8501
6865
9607
2118
1695
2206
9789
1643
6461
9306
6955
3437
9343
8700
465
7529
2076
1629
4921
6568
4272
153
7608
6663
4404
770
852
15
8617
2210
7377
3199
7903
739
3413
6109
9393
1797
2703
7203
8351
71
7781
9682
4522
8126
4909
5957
1440
1204
2512
752
9934
3204
5289
8380
8661
963
7994
720
1895
8982
8214
8845
1150
7133
2488
8529
9412
4192
6436
6574
8095
8099
3355
1462
9464
102
3427
5805
7324
674
4621
4934
7082
2237
9886
2483
7107
8318
6413
1864
9315
4200
9400
7058
9596
2207
3336
3166
2436
8315
2418
3333
3727
8827
1284
5457
7129
9964
5771
168
7489
4226
6810
3981
71
3117
6039
9835
7005
6628
3951
6274
4159
7118
9792
2453
4807
7995
6004
380
6763
2188
5460
7415
2512
2630
2080
9213
3986
1618
6368
7515
6897
5822
3272
9596
6353
6624
7852
8634
5648
9563
5051
5420
4882
3205
8398
5635
594
8290
2794
8723
2456
705
6197
4537
6579
4478
7935
1328
9781
5808
6580
5121
5969
7921
945
8181
9566
4991
6438
3018
1788
4849
310
36
1072
6790
4642
1523
2132
3868
2985
8986
9081
8100
8366
2043
3654
1789
3015
4941
6156
8419
6935
5795
8303
2460
8338
4731
7987
9962
4084
3443
4594
189
1067
3124
6752
3992
241
9835
7397
6298
8702
364
4732
9548
7638
7207
8973
7756
9765
3848
8258
5681
4049
5172
2249
455
1304
3299
5223
7978
3538
2431
2557
6995
9344
7770
9045
1243
7991
8505
1941
2413
6854
6943
6183
4642
9860
3101
1089
2323
513
1101
6068
6306
2643
4045
1195
3839
2677
1915
2848
2316
6950
3639
9698
5884
7559
3070
4079
6448
5257
4899
7387
2032
1579
1754
5755
8985
4223
785
2030
2574
9999
7362
7714
5788
6612
1188
3241
2473
2282
7169
1268
5570
796
7850
4962
1022
8212
8596
1987
2588
9876
2022
2708
3437
2646
6390
1485
5366
9801
1455
2803
5955
172
465
1081
8990
531
2912
9316
6767
1786
6209
4480
1174
9353
1196
246
4202
6525
4947
1744
3335
6019
8613
8381
6407
251
1505
7677
7094
9570
8970
5866
6313
2747
8086
2259
8319
5080
7446
6375
5907
8590
1969
9699
8263
8935
2423
7757
2379
7918
5312
8952
2947
1711
789
216
4260
4700
4898
9135
7943
2567
3983
6722
5151
5927
4781
1760
9577
3556
1195
7264
3303
9613
6310
5833
1973
55
1500
7920
3558
5227
5008
4078
8521
6938
4467
1964
4072
9379
6574
7283
7391
9943
1742
2406
9438
2906
363
3126
7471
6878
3459
1455
6300
3876
8688
2788
7027
69
3889
5807
6553
4441
5838
6879
8775
3734
2833
1502
1393
6771
9720
3548
13
459
4804
9270
7566
6135
813
1964
2052
4341
8179
4164
5428
8591
4474
6622
3935
1001
5850
968
4191
5764
9142
2319
4774
970
8721
2094
5561
4030
27
8099
1697
5683
3258
3410
4301
150
8554
5472
53
6436
5772
170
8320
698
2877
2843
5800
6751
5832
5091
7435
6965
666
9108
8456
8576
3821
5412
527
1396
5581
6173
6537
9450
4005
6577
6256
916
9497
8185
3077
180
1046
8604
516
7876
6201
7008
9233
1004
3900
4705
6751
4126
5798
8400
6951
3604
5404
7241
4107
9636
135
3501
501
8795
5101
929
9082
4357
8183
2837
5799
183
2743
9119
9085
9730
8592
9432
8918
8514
4504
9124
3497
536
1508
1949
1847
1484
9907
6190
3385
7948
3985
949
340
3817
2463
8993
7544
5899
8136
8933
5848
3142
5183
8983
8394
1670
6088
2391
1492
1028
5695
4254
8521
3032
4378
3771
6095
9064
3028
5499
3441
5107
2528
8237
5967
8038
4140
8256
221
8767
4080
8587
3376
8515
3545
5087
8248
3304
2989
9616
7555
2538
7921
8547
9397
1537
3570
5257
5145
2650
9715
4765
4848
50
8639
1141
5083
2596
3748
6821
1222
4140
3299
605
369
6455
6932
7502
7329
9524
2085
8801
1832
6497
8155
1563
4531
8566
44
9142
8976
9598
2593
4500
3373
4324
3314
7278
4365
4872
249
2626
2131
3232
9921
7619
9523
5982
4767
990
6602
440
9479
1116
2408
1677
6736
1378
807
4606
2288
2038
5880
6830
221
3805
7289
1538
3211
7389
261
6308
8315
219
2396
9762
7718
9688
4801
2782
4224
7150
4517
5069
7597
6449
6149
9502
6596
3149
6671
4630
6690
205
8510
8440
8441
1033
9159
9222
2263
9476
8373
3896
3026
4913
7546
4071
3083
4800
880
2960
7766
4808
5972
1746
9886
4660
1765
2415
770
9926
8081
4923
4472
9421
4380
7534
4571
903
9405
6566
5462
9979
9938
4987
467
5476
2245
4480
5998
3590
9712
9621
3984
7948
5575
5191
7488
5856
69
875
8421
7175
7621
8105
6479
5598
6000
6265
4173
1342
8072
6787
8240
8691
4551
9117
4809
6873
931
375
9643
7701
982
1268
4917
6356
9493
6345
5367
1392
5994
1717
707
4640
1254
1620
1995
8033
6310
791
8870
3416
7206
5480
6195
1796
3178
2201
8155
6066
6444
1552
1259
4270
6673
6502
3735
9379
3842
1203
6485
355
3194
1333
8718
4899
2902
9038
5033
1671
3964
3829
6348
3490
2201
3705
6377
3472
2902
7077
8258
8075
7244
6375
9149
6265
8112
745
712
2610
8240
4961
1200
3247
9154
4387
551
7725
1805
6589
2914
3958
7006
8094
1311
8898
1086
737
4990
3706
4753
7144
8749
10
9418
4226
8442
7914
1340
3441
279
7103
7091
6539
316
7710
7377
5585
2060
1066
2953
8891
7005
1329
1078
9296
3120
5158
6269
3040
5671
5262
6654
7691
4020
5407
6951
3141
3075
8016
6559
9657
2688
3966
7792
8752
3407
5434
2284
1722
9421
717
2441
7070
4539
3770
2284
2117
9675
8967
1390
2690
1316
4767
5578
5639
638
4686
5830
5969
9156
9632
5651
2641
2181
7931
8882
5872
3566
7494
6225
6476
851
9939
8926
8479
4584
1031
4404
1915
1012
2906
6201
5282
3544
7893
1842
6874
4632
1460
4220
2189
5934
1166
9325
7764
7371
902
3625
9872
6054
7921
8035
6735
5890
9390
4560
8108
1923
8449
2058
7582
9349
8267
5625
7802
2465
8404
3809
772
3180
2100
2568
4040
683
5761
694
8911
175
3663
7190
9484
2276
8169
357
8861
5969
9531
6629
2599
4965
7999
7808
7704
7816
7909
2770
3862
4412
6595
5110
6924
9920
814
3282
1576
6380
5834
3680
7948
7895
9920
3440
5831
9190
7049
9763
1449
5305
3939
2485
5400
3904
7661
7175
2574
9322
3435
2288
898
626
6057
8698
3822
8349
6907
7042
5957
9730
2706
6569
2008
8698
9850
6872
1180
3721
9139
2984
6644
8939
9506
3574
3838
5165
5286
767
228
3290
9012
7661
5924
8545
9551
1715
9352
7816
2468
9412
1377
3587
4232
3425
9626
4062
2006
9710
930
4141
2908
4089
5245
1778
635
2780
8074
1959
5913
5528
7185
1855
3451
2205
3749
3671
5385
4763
2950
7704
8732
9277
3219
5575
1734
5943
8111
9116
3241
8781
454
4641
2599
284
2055
571
6629
395
1918
4210
4103
1396
2952
4688
3440
1892
5752
3977
3854
3368
2151
7054
3381
3852
7091
7200
2850
3388
8017
1367
1750
1515
8116
8337
4833
4127
7357
7409
4791
5844
8520
1624
3951
4187
127
1323
1668
1440
4946
2100
272
9525
5384
7578
2718
5952
5619
3922
4515
4434
8214
598
3913
9151
4271
5071
8251
9286
4926
3293
6254
7360
6263
6388
8386
9237
5018
1355
8377
6925
2916
4106
9018
5326
6191
5673
5752
7399
2381
9801
3361
8509
6869
1009
6481
7034
9155
3939
6750
1660
6146
6626
3968
7809
4066
5606
5989
670
926
8966
9528
7911
154
5045
1281
6349
3919
1177
7980
1791
1913
8441
1930
4000
5216
4078
2893
4796
1367
6452
390
549
5603
5052
6787
8353
1041
8989
477
8116
4228
3894
4954
2468
1593
1235
5951
2284
9753
5641
5620
6523
266
7870
2479
799
9870
5243
2873
6563
4474
4461
7116
6461
5671
3820
8572
2485
2110
932
4994
5817
9256
4390
9804
7780
3450
7296
8739
5948
5168
3615
3432
2318
4960
4783
5576
6045
5740
6192
2323
8830
2965
4302
4468
6159
5783
4358
3890
8137
181
2025
1558
7982
6861
3313
1350
7009
8200
5612
5058
1132
4524
309
8152
3801
703
3041
1550
2422
3520
4529
5956
1277
9933
1569
7949
91
8145
7217
194
4775
489
2584
5716
7676
7331
2019
5934
8357
551
6893
4632
6204
3143
6621
9625
5859
1270
1815
4535
998
7383
9515
928
9435
7067
6605
3644
1630
9139
7441
5479
12
6136
4539
9277
5063
8311
1905
78
4086
1637
4362
2413
2472
6051
6724
1952
2995
458
2441
8934
7421
7109
9125
5758
7226
652
8752
2212
2937
4984
9988
8050
3799
6905
4379
3104
7057
4615
7108
4341
3730
5835
1962
2540
9567
6466
4924
8232
6204
4103
7269
4712
6036
3536
7055
3973
824
8507
5378
1414
1962
6544
3739
2073
9268
6415
9901
8754
2547
826
5799
7949
6730
5764
7698
4724
5051
7356
5717
5162
6923
8177
9398
2535
1367
5437
4243
7059
5470
3867
2981
9631
2479
950
5437
3335
4424
610
942
6746
8242
241
4991
4205
2305
7693
2856
184
5663
3843
3673
5032
6563
1526
4890
8045
9029
9923
6532
802
9836
9574
3282
9768
8506
5299
8638
5858
1177
9280
6573
9382
8750
7554
1561
4711
4735
4810
2294
7173
3989
4527
8364
1275
7218
559
2905
61
9142
2721
6980
7699
107
1724
8516
5553
6299
5331
4420
4367
5217
3649
3658
9922
5606
2155
1826
8039
8922
574
8126
5341
5321
799
4213
2146
2472
666
2330
3006
5634
1482
6842
1780
6539
103
7919
9616
6537
2674
8149
3315
6627
4275
8548
4834
4051
1542
2012
4042
7100
1028
8555
1291
6179
5070
6488
5099
5254
5130
4517
9741
902
7061
892
1074
7726
9899
9415
9100
5231
6246
5153
1790
6532
2829
3470
5114
1216
5161
6700
3496
4039
1880
9337
5078
9710
1622
6866
2322
7130
5469
5486
7582
2640
2575
3272
5306
7941
6722
2267
9154
1928
1526
300
4150
6991
8135
3224
3451
610
7668
612
220
7403
6685
4628
3981
6800
2081
1067
9763
84
5122
1152
7467
2419
5796
2262
7852
2772
3075
1175
3377
9530
6615
9179
6370
8163
9387
3976
6257
6794
1938
900
7201
8874
2068
5463
2233
2641
4796
119
3275
7503
9073
6882
2530
3806
874
1453
8037
6835
7911
3858
6361
7606
8808
5907
7802
5579
2760
2306
6914
5233
2578
916
5931
2687
7016
9635
6688
6512
2751
7283
2474
7578
9787
7859
2129
1940
9728
8696
7737
2424
3330
6464
1745
1566
5417
9783
5097
6222
3185
2271
4592
3573
308
8234
9069
7271
940
4024
3841
170
3553
823
490
3056
706
9177
2780
4136
8483
5927
2486
3565
6263
8597
715
5168
2084
5227
6771
8261
4689
2924
615
4820
2789
3383
7743
1019
1592
6374
2203
6881
6776
5672
8222
6395
8248
8387
9951
4620
3349
6141
421
6560
7383
1822
2121
493
4811
9338
8100
8920
1149
5886
2521
497
6643
596
5479
4208
54
644
4789
5207
3985
2493
5149
9153
760
3491
7516
7493
3243
6230
9099
8987
2167
9953
41
313
7090
3533
3003
8567
3110
5824
237
4004
6871
6143
671
6179
7488
6018
8748
9816
515
5183
3279
8873
9016
7068
7932
1226
9847
591
6300
3604
9249
7465
9002
4613
3104
2516
8670
6675
1362
1655
361
3468
6334
7518
1129
9288
6135
8186
8683
2462
9606
2021
908
1379
9509
5169
8725
6809
613
8177
8828
9094
7115
6876
9801
688
6097
2615
9089
703
2302
7571
5936
251
9760
8104
269
518
9426
1047
132
973
4624
4435
8692
6476
1157
2760
7045
6222
2494
9222
2867
8738
6969
6363
6288
6138
7003
1144
64
2784
5527
8356
1675
2757
7705
9259
400
7934
5819
4833
8387
4257
8114
9546
6341
657
2687
9845
7398
6169
8513
937
1153
5486
6414
5106
1775
5236
8010
593
6199
6435
7665
7473
2070
2994
627
5588
132
2351
4730
6051
9931
310
8933
4226
9348
6392
8670
2858
530
4668
607
106
7276
5544
6404
5712
7989
2336
1561
589
2674
5902
6119
2435
8298
3872
3614
173
9234
8246
5275
3529
6420
328
6139
4074
7961
2736
5233
2067
4850
653
8261
9027
8327
5869
1950
5182
5476
5608
9862
9456
8591
8066
6411
6781
6136
1662
5299
4785
5407
6951
4708
473
8838
5674
3372
9210
5616
8115
8614
8208
3860
6382
3053
135
6244
2812
9697
67
5801
511
600
3220
2564
1699
926
4136
1455
8426
2509
7680
1622
8897
2523
6575
5999
5261
3091
1499
3182
172
2228
6274
6314
3050
6966
3394
8568
4068
9218
7317
977
7833
3977
5743
102
8144
6090
1422
675
8536
2038
3930
4114
8881
2628
5077
5148
1225
6837
67
6264
1354
2067
928
9127
1967
5707
794
6548
5859
1862
5834
3724
3423
1976
5731
6142
2161
3860
4697
4444
6061
8773
16
9035
2703
547
5460
2792
3980
6452
5221
7211
4668
4915
7153
8063
6919
6397
3568
4713
1203
5026
6361
4526
5635
8685
2987
4706
7063
2612
4624
4682
8753
2384
6113
5552
4839
988
9118
4788
1097
7812
5909
7947
4997
6136
3913
4663
3700
3283
4784
9612
1254
542
7414
7517
8149
4434
9320
3102
2000
4207
4532
2883
6784
617
1895
3032
1834
7150
9247
6564
2913
7331
2730
4836
3076
4226
5355
9629
7197
9534
744
700
2663
8219
7187
4136
3052
9567
7634
7588
7085
2451
7242
2823
7952
5314
6350
8348
5045
6819
898
2474
9886
54
5012
8458
7982
8140
6309
2118
2295
9475
40
7294
4062
4978
2466
6873
7600
8575
8042
8010
2291
6827
4392
9601
8901
8460
8961
1851
2036
3878
4669
6817
6775
3674
2036
7585
1560
3815
7098
5508
1612
6450
9596
9679
9372
3456
6536
6090
5944
75
7894
9507
1140
8731
893
9524
993
9974
2979
8516
5706
9946
6846
7152
7120
6099
1816
5790
2661
7245
7276
6890
8571
2068
932
574
8766
163
1715
8678
480
8591
782
2695
7345
744
327
5715
4593
2333
5013
6665
7567
6513
5497
1570
2229
9089
6331
5899
7858
1885
4478
5002
1413
215
3504
2427
4452
2323
8334
3657
2406
5944
8714
9004
8665
4497
1496
1151
2275
7350
1614
405
9837
6179
6740
2236
5276
6588
7518
4534
9093
5854
7269
7223
9703
380
5113
5670
5220
9852
8926
8976
5027
9605
6232
6867
146
1374
2536
5347
1713
4970
5967
5294
1513
5787
1963
9326
3806
5851
5260
4226
5312
7961
2586
7853
9298
1434
3315
2821
5094
4193
564
3902
1164
7011
3240
4575
2515
8077
4194
7473
9488
692
5694
3890
4082
6464
9871
3519
4243
2668
8710
9607
1905
1269
8233
5942
8009
8077
7820
299
1462
3949
6520
3855
4404
3162
693
5280
5110
3353
1029
9147
5831
4203
3193
7723
5362
7948
2202
637
7473
6006
4017
8866
6529
555
1461
1871
4958
1380
4869
8636
853
6517
3032
5364
9270
2733
772
5123
3564
8275
7189
6652
9706
3118
4006
8098
5561
4079
6181
988
2026
6922
9504
9738
1421
3424
3611
2666
333
3672
9229
7408
1762
9787
5321
8286
2380
5014
4815
6520
2771
4239
1872
5744
3635
7390
5081
534
3065
9652
1590
5271
5926
6366
8020
5147
6910
8983
9476
7143
1473
1959
8365
201
7973
2378
6597
3903
6386
2518
8537
1186
7979
5709
7769
8934
5474
1426
2203
1926
9147
9764
5050
9646
9462
843
3898
3655
1213
2487
5769
2022
5346
867
1171
2132
470
2356
3797
767
9857
9210
7054
9665
8382
3993
320
25
883
6611
4798
1272
5917
9143
149
1180
4256
2070
3248
6834
7594
528
9871
3913
3806
6565
5464
1808
4030
1728
6175
3200
3779
809
6864
6077
6450
1115
4136
9978
5627
1813
2833
4626
935
8200
7452
4369
3779
2544
1688
3426
9661
2229
8221
8072
36
7530
2263
6238
934
6855
7169
8113
8651
3783
4075
9850
1351
4136
6611
5589
5769
3201
5867
5806
9785
5214
7839
1916
1319
7351
6342
8933
2438
9438
1987
7466
3194
792
985
8104
4089
7901
2062
6097
4131
5607
6894
1421
8704
2324
423
6056
2638
2433
8555
4242
2736
4756
9987
7557
4957
5201
114
1334
4129
369
6934
8698
6644
6802
718
692
8119
4138
2721
5276
5976
702
2192
7379
5703
4915
5291
1954
3627
4709
1739
3202
6819
2265
564
9703
3842
3538
6929
7383
3320
6323
8931
3595
3009
2291
5547
4600
4460
5052
7032
3424
8370
450
8640
2996
25
595
3042
2205
5710
1020
918
3394
9958
2323
2457
4490
7773
7799
4075
5853
526
2820
9343
2192
3626
1591
8526
4406
234
7334
4631
1367
2668
8078
9378
2788
7016
9286
80
3944
3129
154
3567
1070
4263
9964
3965
4645
3039
8076
4812
2459
3204
4202
3708
6267
4001
5318
3994
8683
9894
1774
6666
2497
7591
4418
7304
5379
3703
1270
3690
6415
2924
2991
1961
2696
5163
1533
5047
819
3737
2961
1272
7837
4026
4902
4501
7835
7263
75
9517
255
2177
7200
8207
730
9383
2467
4740
3024
1233
7729
5033
2979
2770
3332
4002
6324
5803
5721
3675
9538
6784
883
3055
2521
5830
2499
5056
6813
2868
9874
9049
5598
5853
908
94
1382
6254
2267
5616
5891
720
8706
6048
8637
1340
8852
5999
8345
7101
7052
7256
5456
5811
9469
8565
4556
6180
1161
2217
7143
4866
7823
7469
9332
3085
56
9460
5798
3282
1960
5177
1698
1797
1868
6962
6893
8374
4408
7842
1839
465
8556
4759
2448
6490
6067
8442
324
6670
3218
6060
5887
7084
5333
8545
7800
4397
5049
4565
7496
2143
1411
2132
6626
9200
1135
9902
8388
1550
4974
8311
787
3087
359
2875
3019
5642
7045
9358
3447
9332
7278
3869
1106
3845
2300
2929
6725
1955
1091
2187
6706
306
2973
2557
148
3083
2951
3197
5755
6993
40
6326
7837
7192
9254
1540
3085
1238
2628
8151
5338
44
2639
6425
2302
1898
9504
1101
9392
5083
6927
3408
8035
8431
5879
4323
4280
618
9965
2810
4755
3110
1093
2335
5028
8695
5036
930
4588
6476
3728
9848
5471
2382
8568
2892
4146
497
7098
8841
8392
860
740
3274
9172
3394
179
9222
8603
4804
3551
4396
167
3635
6126
6314
9272
2537
8283
1329
9886
716
855
4715
8989
653
230
238
2457
8159
7108
4928
3137
4873
4358
2242
117
7320
6065
8397
5505
9725
5230
9481
9383
8871
9881
1382
5299
2104
9060
6226
836
2758
7291
6386
1132
9276
5270
8722
684
4773
8090
7324
5372
3816
1703
2945
5981
3240
5178
1690
2648
859
3446
1197
1556
2343
9054
5128
8506
1733
2836
8986
2004
3027
3126
6928
749
928
3321
8849
646
9225
3909
9553
9019
9753
7380
4846
1815
2276
1297
2236
424
5995
3919
5763
8369
390
3498
1976
5053
202
3657
9339
275
468
8798
2680
6845
2081
4516
4987
5785
8509
9732
9525
8325
150
7519
2725
5776
6501
1062
4090
6360
3205
992
7275
2236
352
6530
1003
4170
8650
3811
4695
9559
7369
1549
3332
7218
4085
6953
4430
8377
4423
6886
3162
4553
6964
7455
3778
7491
2691
8544
731
6058
8675
8091
2858
9798
3317
9611
267
9336
8858
2940
7647
2754
7249
1401
2808
8202
2803
8511
414
5985
8463
4674
7170
2908
1052
8618
6385
7051
7246
9182
547
680
2060
5355
3288
2822
5373
7848
3367
9938
3166
7036
2740
5208
3683
7447
2131
4950
3537
7722
8638
6139
8571
3907
8359
2564
7047
3056
7145
2740
8654
5142
451
4566
4457
6100
9006
2132
3452
8262
9249
679
64
1719
541
5075
8762
1318
3782
7204
4564
7763
2261
2577
3424
290
2826
6532
962
8488
7313
4920
3400
3821
9934
5415
5536
7609
9940
77
6979
350
8473
7822
4021
1791
133
7611
8840
8225
6476
2773
3029
1228
4892
7830
4571
8899
9039
376
1876
3300
7575
2200
8526
623
4866
1908
4635
6192
6504
5983
4747
4863
7103
5600
4037
406
823
1102
8434
3448
7736
3872
1252
5149
7484
9202
3328
3434
6985
5624
1922
1394
8550
5378
7089
1393
9250
2287
7266
9116
3370
1658
7535
4573
3651
9238
5279
6541
5576
1880
8449
7079
8183
9047
4514
92
1119
7364
7051
3642
5587
9614
5613
8846
7442
2680
7181
8741
4606
7517
6802
670
8072
1743
4104
5562
1147
7639
4485
3427
2230
5410
2919
4980
1886
3433
5126
7238
8626
2580
5663
9329
7699
5079
7036
7509
759
934
2334
2819
681
1706
1371
9289
2379
8591
2755
5321
9499
2652
6118
3586
4280
9711
1923
4324
802
4637
1372
1423
1483
3224
7971
2794
7629
283
9062
3423
8760
1480
7814
8369
860
9817
5615
9221
8387
7704
8800
1384
1112
6884
2791
8821
7405
2283
9724
6232
1847
3120
4216
5574
364
3097
2711
6722
3340
4348
4927
4171
4812
3366
8767
4331
5649
6001
5560
924
2672
1980
4514
9356
5737
8812
7574
1295
4011
9864
8233
7573
617
4181
4085
3661
4677
4213
2032
2657
7709
8629
2958
8518
5430
8143
3152
3297
6473
9871
1596
4455
2007
2733
9250
3416
1894
5709
1685
4279
4482
3699
5667
1670
7113
766
2268
8044
9691
5423
3312
2443
9900
3796
7336
3069
2236
7210
9823
6930
7489
9985
5630
7724
3109
5741
1961
6391
2921
7695
9946
9686
7154
4740
277
1643
5554
372
2180
1064
2665
9643
9292
1353
2307
6500
4942
9548
6932
4992
5593
2681
4183
2189
5116
3835
6996
7458
4555
8768
3971
1752
8857
2857
4594
5416
8465
1368
2991
350
3238
8507
1980
5825
8940
6032
2588
8347
4140
3612
6924
1405
4227
7707
9091
4325
5586
1953
8169
7976
5045
2792
8924
760
1102
1890
386
4036
8807
2200
193
6206
8161
396
4924
8896
1783
7932
6445
5417
8815
89
6854
8161
3225
1754
4683
3240
4910
3379
8547
5284
6181
4588
5352
3181
5354
3718
6625
6406
4110
7640
6719
7104
4810
9048
3623
9536
6011
2038
5274
866
9963
4578
5923
6045
7671
4944
8141
4316
9731
1936
1921
4524
2588
5050
7322
5642
5326
301
6695
9003
5241
7910
4965
4977
8352
5171
4635
6467
9132
440
6165
6514
1642
6613
9866
8970
6887
3860
6492
6237
5831
5962
7146
698
7108
1587
6243
4878
3842
4997
7442
2119
1237
2978
6148
6736
545
766
5092
7551
804
8396
2486
7084
9037
8408
8504
3594
8583
227
4918
8224
1543
5273
7892
5013
6764
9948
2017
7059
1788
7517
5392
4938
2946
6790
4343
1240
5655
1957
9043
7397
7032
3360
8823
3275
8188
4168
8798
2925
1921
4834
5412
6866
5068
2915
3503
827
1243
7908
4384
3976
7835
3223
7598
2577
1603
9660
542
5825
6033
8441
5455
8881
9110
2068
5271
1018
2202
181
2812
8264
1917
9781
7562
3868
7661
6318
6151
5315
7024
7278
4068
2322
8312
1679
4310
2190
3492
8696
5232
5783
4878
1652
6753
5098
3878
8466
2079
2877
8749
2753
9905
1924
2359
3961
2609
5206
5906
1586
4653
1007
9336
8501
6010
7103
4694
1016
109
1996
3090
9245
4833
5059
9020
3278
7393
7057
8614
6455
6487
2046
2537
9272
3401
4172
2635
1077
4557
5016
1942
5574
7998
8363
2505
6432
9597
5586
2684
1461
3389
7282
6041
7410
7987
6991
504
9357
1568
1764
8915
4772
6926
3171
3691
5717
2134
1079
7527
257
2928
9880
6447
7824
8108
7837
1696
3591
4763
1531
2469
5687
6508
9922
8615
8085
7313
4921
285
1428
3499
1196
6251
4927
8058
7063
3894
4625
792
2913
7089
7387
1990
2540
713
3298
6471
4673
9824
9782
2173
8868
9964
4675
5378
2558
7527
3246
2653
3874
7932
9622
127
9840
5611
6507
78
9703
3145
1067
5755
6313
6521
6277
1310
7214
578
9773
7070
609
9453
9013
8342
8351
9555
2686
3494
832
1534
6721
7127
8286
502
1376
2487
8711
5979
7558
5425
9625
2175
1391
8226
4701
617
2775
8299
4604
3840
7119
3945
8432
2642
448
7858
7594
4868
8990
4409
3493
5337
5172
4634
6668
6033
4760
1741
8812
7738
2223
9282
4496
7448
8469
7953
9163
2210
5229
2039
563
6348
8622
4650
1077
9202
5149
6340
7948
4521
9380
353
6307
124
7023
7569
5673
8623
7167
3812
9329
2892
1719
6497
3562
1993
8802
5389
7584
3304
7463
3409
4663
857
7636
7111
418
4209
1741
7550
643
1777
9364
1942
6419
7589
3674
1528
2961
3395
9494
7984
608
3649
2428
7686
7134
5036
9588
5288
9875
6884
8881
9075
9927
9352
6650
3006
3203
4860
8624
4427
7834
4172
7197
7812
2321
9035
3964
750
8385
6381
500
1543
6392
3528
6409
9978
4135
5441
6487
8034
1928
5856
9985
945
3505
4162
7504
9608
8261
4529
4420
7253
2896
4674
1585
1870
3340
9147
340
4
7552
3508
9340
7415
9153
3251
9137
3874
2115
2156
9544
9037
599
9258
2299
7153
8249
3428
1122
3731
9367
1705
4922
7603
8994
9613
1347
3670
8827
5036
4224
5529
9834
4751
9187
5389
7948
5251
9655
9687
6286
6153
6203
906
9872
4276
5605
9090
2451
7913
4598
6772
1898
4198
6284
3277
3467
3618
7491
496
5331
7689
8366
9092
9871
2897
7357
6995
388
48
8735
6704
2633
4969
4320
7160
8802
2127
865
2917
5251
5552
9425
2770
6972
7322
9277
8814
195
6040
7042
1023
1067
5285
7669
4323
469
3887
2256
9836
1407
9062
1405
2154
8246
1305
8560
8712
6725
6016
7289
2780
6565
586
4409
6011
5476
8149
3163
3156
2367
5867
8186
2579
3081
2274
2064
5826
7214
1005
8804
3606
1433
1699
7846
4373
2423
561
8439
6014
4532
2507
4379
4720
3561
4567
5784
6593
2447
2482
6411
8462
2670
3480
7515
4416
7130
480
6984
7609
3725
6014
8743
8967
7986
5469
203
2682
8491
178
6026
9960
8747
4627
4333
6976
8572
6182
8972
8990
6350
6251
337
8385
5240
5314
8535
3761
6835
9318
1324
9978
9979
2462
3456
7978
5179
198
7711
2704
3684
6577
9001
5188
8579
3812
9421
3503
9716
2160
2443
6756
8286
9331
1086
9638
4723
8181
4033
8898
3448
1528
1893
1309
8138
6243
706
6464
5397
4410
4803
5642
3229
9016
1581
47
9522
6251
8617
2383
7655
8547
4686
3008
2763
5730
3705
9980
6259
3346
2721
3095
9321
7369
6170
3603
9784
8379
3375
9621
1606
9871
2265
4233
9166
994
2271
4231
1554
8483
9134
7063
1554
3379
7677
4327
3636
2123
2767
5967
4569
4867
2703
914
1506
324
9576
7997
1175
3020
8217
2502
7397
2521
6808
5253
7071
1355
6081
3641
2586
1751
8166
8351
1998
7929
9171
2549
240
2805
5478
1020
2933
7499
9207
7407
963
4527
1149
6063
2457
53
4286
1177
8936
1333
5549
5361
7446
5173
9901
8682
2273
8690
3697
5888
6717
1935
7976
2385
1130
5689
7204
4561
7260
6519
2309
9434
4455
8311
8272
4419
2722
8530
5529
5963
6434
1155
2655
2696
7032
4553
7052
1924
8233
7403
4955
3723
7634
9642
6247
6971
3345
8023
9619
6168
3065
3164
5859
686
9995
5124
9433
4400
1114
8698
4076
5665
7576
9923
1122
4066
6440
1070
9075
5080
6194
9037
4048
3083
6985
8603
8921
4250
9560
6494
8967
2300
7185
3804
6291
700
722
5964
4078
4433
2998
6974
6395
7449
6266
2105
4840
5712
2404
6250
9373
4386
3988
8217
9921
5081
6185
1448
4759
3989
3807
954
825
2256
2026
4792
278
2157
9950
8010
4290
2200
214
7780
17
3798
3652
2646
6744
857
4330
9781
9421
3614
644
6515
2517
8112
7505
6501
1728
3359
8324
6595
3328
6401
8514
2718
4775
5162
4348
1314
8954
7391
8222
2094
290
2243
9279
3271
8100
6683
1782
382
2745
2733
5043
3815
952
4429
9236
226
9341
7114
7361
33
2063
3086
3144
283
5092
7337
248
7055
2377
4269
7178
6072
663
8696
9854
7953
4472
7917
1889
5706
4166
9526
6355
4085
8183
3400
7642
1502
1217
4773
3143
2258
5791
9461
71
5214
4180
5913
6270
419
1500
3932
5355
8074
3723
6250
74
2867
6941
6762
7390
9313
4323
9109
911
1594
2026
8456
7947
1664
1046
2508
1359
9486
6061
5465
620
2195
8389
7926
6936
9569
8585
5020
5656
3957
3965
1601
3562
7341
4568
5641
9447
722
4771
6639
1727
499
7401
2763
7667
3412
5679
3458
6355
5920
7457
3011
7173
4521
1306
1326
7811
7494
5763
872
192
2321
7319
1292
4922
6353
8462
7354
5082
4082
8611
1123
8163
2692
4677
9286
8901
9271
5034
4967
4105
8388
4578
5575
584
8253
2303
1403
2067
2651
4850
2425
5076
6697
7145
4484
9217
1823
6189
4864
5162
5726
5422
6482
6661
4177
5823
8728
7486
2089
942
8301
9186
407
8710
7007
689
8149
4489
7895
5423
6243
7073
1346
2249
259
1272
1400
5588
7597
6899
2649
8713
6500
6286
5536
467
3165
6111
1488
2563
2887
686
991
1696
8293
2114
1440
6685
3780
6441
9510
5462
4915
4211
6613
162
9458
2497
438
8811
5895
842
9520
6147
276
7721
8986
9569
5611
6063
4968
4434
1999
3918
8230
211
5735
14
5940
4640
3520
7492
4055
127
722
7883
8284
1377
8119
2849
975
6920
605
407
49
1184
4963
12
5266
1761
6686
650
2020
9539
5543
9878
8630
9225
7670
8226
8917
5888
5190
2128
1289
6714
3461
121
6008
5743
5242
2370
1154
2655
7140
4283
9369
5100
2423
111
1160
7727
5029
4221
8688
4930
2157
4986
9104
8031
7384
6507
3601
673
5859
8584
4100
1583
2862
930
5614
4578
4778
1236
1160
1951
4795
5373
8476
2743
6919
8000
9700
5115
3114
4714
4150
5055
7288
5392
2317
8351
6573
8184
2711
4566
8874
8373
1727
1518
1328
1481
6291
1377
7579
850
451
1063
77
969
4732
3901
2211
7914
663
6851
1319
8922
214
3741
8165
6313
457
2685
3847
934
7117
7428
1418
8687
5023
8267
7530
3052
3836
5355
4702
1827
120
8317
8086
4500
3547
7677
6173
2462
3450
942
5053
9497
9712
1624
9879
150
3250
3846
5593
8554
5244
5089
3571
6367
3257
4318
1189
9677
5684
2921
1982
7724
5874
2432
5639
512
9974
6646
805
5071
9518
2217
2043
8835
9007
1293
7527
7797
5052
3441
8604
495
5770
2711
4084
9567
1818
1764
9368
5219
3186
6043
4749
7609
363
159
4148
1448
7774
9035
2018
9399
488
5888
5201
3949
5957
711
4447
215
8856
8356
2300
1521
6935
1746
9151
2494
5742
377
1288
5529
5884
2182
318
4498
4460
8215
7205
4307
5984
4114
985
572
8327
6911
5264
6238
5757
1505
408
3561
1074
4274
6741
2417
8056
1263
8013
1308
9649
9346
8702
5996
1034
5096
7110
3017
2550
667
9988
1632
7764
162
4984
6436
6910
2283
1852
4514
1397
4746
300
579
9603
3049
433
8351
8022
6150
4845
705
1173
2995
2846
3844
7675
5891
3855
8029
3421
7863
3627
425
2509
9994
4433
2245
6428
3095
6498
8228
4157
4444
3735
4006
2111
9974
1510
2294
3281
8911
942
855
6392
9264
3913
1969
3575
9125
6792
9525
2682
8251
6671
446
7145
8648
3217
5827
5683
353
7713
5364
3288
5725
9597
2106
5257
7027
6910
6293
9243
7067
8071
2917
3257
1709
932
4276
3869
3552
6003
8672
6159
6877
3961
9051
5448
1325
3526
4991
2992
6215
5399
4807
6515
1570
1979
4733
8702
1944
8705
9032
3016
2342
7975
1937
2988
3541
2988
5910
3451
9121
1149
2324
7068
3616
2597
9207
6207
4206
6663
5221
9079
1577
7124
2705
2794
985
1384
1491
2942
9030
2212
3664
573
2046
8887
8780
909
6034
9177
5861
1807
486
7441
9177
1687
1560
2492
7730
510
3900
653
3222
9441
1265
9023
911
3738
1381
9324
6399
4049
7438
8697
5854
2879
5827
6610
5166
2415
8161
1839
2153
7828
3239
9285
4
9430
3131
3644
8882
7815
6958
4054
7456
8196
9503
3569
8065
3293
8986
4339
8354
3167
4082
6776
274
7960
6493
5671
4986
4808
459
2424
5088
1427
6860
4168
3648
4549
3913
6870
2728
9553
5388
3727
7552
6040
4680
8204
1436
2467
9242
1320
6892
9109
6567
3836
9038
5462
1187
3041
9086
2947
7423
711
8341
6334
8482
6769
3161
7557
5258
7261
7129
7589
5129
2892
6824
6690
383
9750
1056
1352
1506
5575
9726
8394
9000
2071
4667
5366
1097
6701
2875
9768
8637
6045
6975
9536
5177
7413
1074
3054
2629
3343
6097
1210
6091
7437
1867
5416
6289
2553
1770
7388
4456
4687
7403
2140
7879
3400
6208
4851
1415
9218
5614
1669
2410
306
3344
9061
4982
3600
8887
1909
8613
9186
5488
8202
5568
9299
4785
8635
2848
6798
8358
4318
8804
1
2809
6755
5294
352
3228
7935
5787
5449
4294
1359
8412
7565
790
8406
4986
593
9540
540
4878
1441
6722
3846
6887
9656
3385
2394
9587
2383
6922
8595
7461
5451
1670
5178
8121
2054
5611
22
9928
912
6789
3961
8445
754
1398
2374
3440
7456
9405
4393
7325
5529
414
8327
7030
8228
1549
5242
4085
4856
7355
5620
5345
8729
8877
2045
11
1878
7413
9672
2547
2654
2931
6298
8800
3394
4767
9623
6369
8155
1648
1757
2763
2780
4717
7983
7582
6964
3533
2900
5633
747
9599
8514
8865
3146
4704
5836
2705
1181
2486
160
4318
9322
7844
4608
3768
5323
6476
5864
4431
7692
9685
3379
800
2689
886
3428
5442
3060
9762
9464
1548
3179
6661
8303
521
7737
6053
1106
9077
4201
9445
9971
5108
3892
2223
9425
78
7942
4313
7308
23
2505
8922
9689
403
785
9577
9806
1287
6078
922
8458
2612
5788
3699
1358
5714
6733
831
9487
7811
7866
6918
3256
9127
7612
8420
8306
8061
3958
1537
7507
7817
5158
8586
423
775
6724
6264
7839
4339
3630
9349
5373
4667
8868
8429
1958
8155
5402
767
7054
9612
1000
2509
4908
1018
8673
6498
8610
997
7055
6302
560
7046
9255
781
552
6527
1486
686
6065
8781
6342
6834
7426
1529
6855
3703
7942
5882
803
2568
5227
6928
1216
463
9947
8467
6283
1934
1698
7276
6247
1981
9146
9517
4932
5981
1654
9916
559
4800
430
3041
228
4449
5323
3570
4188
5467
5547
5584
8771
276
5444
1417
2118
3886
15
6781
1952
2163
8374
4648
3232
2220
9608
2379
3454
7583
5814
4871
4494
9708
6595
450
4029
91
7141
6229
9886
444
7626
9595
6517
1719
3840
2780
9510
6634
582
1198
696
4286
4646
4703
7223
2504
1779
1183
8929
7283
8552
9384
81
5689
1619
3680
6471
7835
5640
5722
4923
8265
6940
2277
1196
5622
5647
9356
1214
9091
8738
6138
7129
1202
1913
5254
598
5602
5027
5134
217
9713
6419
5954
9897
984
1548
3662
6989
6571
2868
8056
6415
8277
4867
2768
974
9131
1508
5831
2255
3640
8093
704
3898
6001
3856
6120
7566
291
9165
4874
2372
3659
4159
3670
2950
3047
2219
9910
6930
7938
5757
3493
1441
3241
9493
3373
3011
9346
5355
6486
1871
9592
5389
4232
509
8428
9080
929
249
9798
8672
1971
2870
2543
3709
515
2611
7672
1922
9040
8927
3452
3310
9429
2988
5910
6599
1990
4708
6230
4025
8959
2020
4766
6161
9085
7024
7190
6418
2933
1046
3580
6670
8957
3319
698
6890
958
4676
6234
3871
8427
3733
2141
8260
1674
8277
4335
6879
1760
3991
3055
831
3498
5908
5761
5383
9836
9809
396
8413
5867
5729
6437
1448
6689
1430
1322
4005
6213
2581
8762
42
329
479
9213
316
5390
4155
4029
7430
3307
3057
4180
6163
6789
4244
763
4295
2512
3510
5648
2453
4388
5152
3806
6961
4323
9235
3432
1314
9745
8339
2182
7182
9658
9323
5784
1050
6194
7966
3696
3367
4844
5804
9648
8477
5043
1361
6179
5248
8750
8329
3530
8286
5701
9070
8096
6037
7818
3724
5506
4575
1744
4544
2135
4190
2764
6816
3800
634
3763
4295
72
7538
1402
4308
1473
6286
9497
5040
2371
9791
7743
8659
7203
8354
4247
7772
7988
4323
3617
417
7620
7839
5172
5274
6562
2024
8567
2355
2295
8952
4470
1468
3298
7026
155
9699
5981
2143
8019
2975
46
7453
213
7537
914
9373
9056
1609
6061
9426
246
4915
2888
5852
7974
8941
9539
8702
9654
5648
3501
1581
5792
1065
6401
3989
4371
6220
4757
7857
1943
5547
7508
566
6227
7970
4731
2354
146
857
4267
9062
5489
125
41
7615
3576
3144
5300
9826
852
6838
2567
6784
5442
1957
50
6373
4307
8587
6082
9533
5402
4444
6616
360
3321
9834
4596
6104
3495
4901
2147
669
3687
1471
6317
3948
2110
8286
3621
4422
5293
5918
2274
1526
6393
8578
9130
7650
2106
2849
1250
4884
365
3343
7321
9714
2176
552
77
653
5900
605
6798
5871
9448
579
985
1476
5525
4773
2974
1626
6467
5273
9074
8932
4673
6211
6217
1885
6257
3142
8805
2111
7534
1025
2178
2577
7373
5143
9722
9756
3956
2209
4955
5300
7736
4698
8994
5084
660
8666
9921
467
3868
7789
8884
1829
3794
53
2266
3674
8885
2544
3147
9269
5300
2645
4487
2844
7646
9485
1401
9553
6616
564
7659
1953
115
8751
2862
5808
52
1007
6098
8598
1509
704
8344
1383
8548
4695
6292
2356
2037
2308
9697
6740
638
4085
297
3429
3574
8879
782
9281
7303
9875
356
387
924
998
4828
5686
9284
5301
4838
46
1690
5297
3464
2024
1034
947
1172
6723
2014
8071
999
4195
5629
9156
6808
6465
3564
5399
8705
9498
7960
9842
7674
3999
499
5411
6179
8109
7137
7577
5236
3068
4351
3076
7247
4160
7822
2320
680
4966
7695
6620
5022
6071
1601
7185
78
9019
1480
9776
688
1198
9611
2022
1771
4283
1413
4002
8533
9156
5011
2048
1279
6593
9001
5913
4053
8829
7461
1847
829
4030
3294
6348
3594
3361
239
9739
4385
4531
535
9304
883
5391
3260
551
1200
3979
821
9661
3290
1167
363
2654
279
5699
8438
6252
1906
6724
1694
7791
3367
1348
4219
3209
1253
6075
6944
5123
260
3976
6666
7234
4100
1213
1580
1865
7647
1969
6092
6250
4088
5593
4037
5444
6478
3866
5187
7267
5028
3622
600
6561
8905
678
5458
6528
2446
4212
5937
3793
7516
834
9717
8879
7398
9088
9337
7202
8101
1846
7980
6706
9604
6975
5466
1760
7367
1050
8475
7904
6837
5710
3667
1967
6956
4420
7529
5952
5499
8111
5857
6220
4403
3182
5029
3885
4736
3380
5221
9655
9579
8232
5461
3683
6794
257
8033
9562
9659
5433
7864
8383
5551
3608
8009
9585
8622
1490
3681
4979
3925
3856
9394
5523
6683
9849
6112
519
9719
7192
6556
1543
1838
5561
7262
6673
979
7670
3903
9070
8377
7848
1817
3448
5879
3195
3889
6888
2312
4548
4146
5677
2307
4716
4983
2073
6538
2052
5846
8773
8869
7659
8710
2430
4871
1340
4698
8264
3791
6348
6672
327
7407
4354
5480
2117
3341
8281
3778
6845
7117
3072
1749
1630
3759
486
6180
3077
2375
6777
9109
1892
1977
6851
5629
4342
7684
1700
4974
2641
9040
4966
2502
6014
5891
4672
9104
6085
8023
1780
2846
8556
6934
8751
9861
5402
520
5498
5333
6916
8357
5621
4930
5093
9672
7174
9926
3401
8618
8010
2912
8838
5192
6228
3531
4830
8449
5243
8102
9038
8119
6097
7540
1039
248
2437
9400
9339
8952
1664
6349
5101
5660
5371
1152
8294
2334
4885
7492
7507
627
4370
4754
3815
6361
766
753
3861
3061
6024
5998
2991
8572
4184
7225
2223
3090
4912
1325
8496
8702
948
8430
73
1676
1431
5445
6088
5758
1252
6084
857
1400
9780
6629
1871
3757
6921
1365
2434
5998
6950
6176
7585
8947
358
5992
7466
58
6675
5381
9830
6470
7041
9186
9829
5951
29
1053
9439
4414
3238
4088
4842
5433
8862
8258
3722
263
661
3451
4475
8700
633
1992
6426
4698
3557
2386
4250
9733
371
4510
3567
7792
1757
5233
9212
8942
719
4765
583
1438
6004
4740
560
1656
5474
956
4988
3613
819
8923
3292
6561
7490
9154
6162
3243
8622
6592
3320
5800
8542
6038
674
8265
4647
3654
7560
1073
4101
2380
1561
6850
9643
8111
8006
1047
5987
5526
3063
9190
1063
9423
11
6939
9046
8793
6425
7907
9234
704
2811
9932
8989
9236
6685
3456
7931
4966
2813
9465
2335
8957
5618
7007
4121
4174
9538
5608
6952
6060
482
2595
9813
6710
3162
2577
1181
3764
241
9389
536
3499
2536
8491
4453
9756
9363
9080
7730
2655
3023
6383
6284
5557
8662
2652
9028
9348
4963
1582
8855
500
3113
4149
1519
3659
4375
9613
4546
910
3543
670
5014
5278
1256
5973
530
5681
4833
9986
8929
2943
9408
5134
8081
173
8549
3320
8916
796
5721
5106
270
1423
2584
2402
3787
7314
9488
5712
4720
3491
2495
5671
8434
7730
8618
452
2799
6044
9965
329
6946
4293
8170
3658
3901
9264
5858
6594
3093
6215
6088
2357
9490
7851
962
2869
266
4585
6266
8723
1043
385
8982
7055
1060
8064
3728
5696
3246
2803
8363
8229
2860
9236
7539
8552
8170
9757
2494
6259
1429
5062
850
3831
8610
5063
3131
6543
303
3994
6219
4738
7296
7179
3046
6276
2020
2088
9555
1374
3511
3511
8678
9038
3486
584
1980
9057
797
923
2772
6212
9915
753
7416
1076
167
508
7249
4397
9524
1352
1278
5449
5821
588
5355
3470
5294
1771
7299
7576
2154
8118
4693
4133
9235
1361
2728
4155
7708
6816
7996
8922
7291
1024
4740
4224
2265
8783
9114
8690
8921
8887
6907
3582
2072
91
1907
5190
1334
2080
9049
4366
7238
944
1253
3765
4341
7890
1188
5363
5854
7993
1638
7332
9113
6094
4732
3542
2142
7545
9272
5422
3009
5028
209
7595
9743
123
5899
8463
3712
3403
587
6931
6293
5146
9306
9713
8664
3587
1043
949
7994
5310
8556
3305
2788
3624
4832
3127
4105
7410
154
5648
813
9709
219
5003
330
6023
1432
9398
7265
2302
8116
3326
3135
1723
222
7791
8741
4593
8077
5970
3545
2372
9045
361
3943
2969
1440
1852
633
9874
4121
5617
8382
604
699
4416
3840
3921
6813
4027
9493
6032
6741
1961
2898
2042
1248
9925
8140
8538
1760
8802
9260
508
6922
8047
7983
1259
9187
9125
7502
6685
669
4521
9653
1021
3893
8668
8153
8215
7858
3903
9551
2416
1664
7911
7449
1619
4405
3613
2401
8541
9145
2149
8068
6239
7300
3774
3740
7729
3435
8003
382
9629
9558
9521
165
8954
2535
8583
1894
2763
6977
8487
7479
8654
3464
2690
1658
4553
2898
9679
4792
1570
2760
3634
9641
5781
3877
3659
225
7579
4867
5050
5148
2807
6610
1540
8417
1918
3365
2789
2614
171
3875
772
7781
1248
8078
1831
4456
9233
5077
8902
4195
1839
4689
4711
3096
7581
9828
2818
7119
2490
3331
5919
9750
4293
7393
8803
5469
6985
3464
7118
6474
3252
4820
8568
9596
780
5619
5896
3027
6573
8927
5941
5612
8426
3701
5449
4806
7316
4360
7899
8916
1429
4073
6990
8060
3696
1464
7787
1198
987
6
8224
9863
7519
1696
5735
1796
9776
3967
4467
9558
4596
4497
8818
7159
2940
5482
6874
3726
5721
7620
996
7579
1369
9243
7863
4021
7438
3582
1930
1647
9441
1479
568
7202
717
5919
8876
1717
8872
8019
3880
1115
9355
6514
1417
8747
7157
1328
3112
7851
6274
8381
165
7096
3334
4700
5274
8270
2460
5512
4796
2150
2917
5238
2538
1025
5771
3134
5665
1388
6376
2366
7156
1798
6315
5739
7600
1543
3106
2899
6202
6370
137
9200
1364
3192
6173
9055
5030
4993
3629
3491
2610
9379
9095
4199
8625
3401
4738
7247
906
224
3950
8376
219
1552
3365
9149
3531
836
3059
5571
4934
7335
4382
6926
2299
1294
2571
3876
3338
2879
9247
4461
5574
5658
9064
250
5711
4855
6990
9748
1707
4627
5759
2001
5794
1570
655
985
9665
258
504
8908
2660
717
6264
3204
4120
8633
8061
9219
7685
3363
4186
1050
7431
6810
9792
1308
2220
1107
3049
6187
4496
7204
8258
8686
198
7786
7956
788
3015
2471
8955
7461
7266
7563
21
7778
3335
8150
4242
6309
548
4128
9036
1257
5458
1951
4230
4663
5772
2633
2325
9289
6639
2035
517
8666
924
7009
9354
5448
6553
7000
4096
4240
1015
3301
6923
7780
6252
3899
9406
3136
9973
978
6760
5510
9271
7020
2660
7339
6231
3925
8249
1013
3566
2821
2141
6339
9437
1933
585
2414
6594
635
540
6370
746
1917
933
47
6755
4280
9767
2920
7175
2259
9948
7027
313
1191
3016
7332
2671
5765
3091
5703
3451
372
7943
7374
2977
2673
4041
3767
1533
2379
9890
6859
1070
8198
602
6243
1204
3057
8420
417
5758
6621
4120
745
1586
1201
6196
6375
4375
2707
9393
4549
4486
7920
1534
5320
9719
4834
9187
586
913
2164
1046
9909
1667
5607
2298
9658
1723
741
4885
1373
4555
113
8334
8837
1706
375
7751
459
1539
3235
4573
4470
3529
3571
1814
8961
4693
6458
3330
333
4697
9624
3314
8737
5985
6650
4002
497
4955
8185
4874
965
980
9698
5219
5425
4657
2282
8518
1520
6442
6900
1414
3688
7853
1400
762
2602
592
1700
5322
1616
8355
6763
2266
8212
6026
6006
1250
8659
4685
5684
2764
1396
5884
2657
4985
4637
1690
6879
6172
8581
9903
9655
2014
624
8897
3606
6112
7716
9547
7144
5661
2152
2949
6966
2512
4702
702
7067
538
7179
5070
5844
2066
6745
7758
5281
5913
4924
4946
6894
3749
2558
8341
2048
8624
829
6971
785
3634
9579
8998
6765
4243
994
5822
8552
8272
2452
1471
2833
1240
3903
2515
8924
7968
1594
3525
9583
7352
1365
7426
5300
3217
1518
4782
2578
2186
7101
6268
8244
1190
2523
9765
115
8465
4932
438
8343
8739
2588
1593
6773
6350
474
111
3894
4702
7834
3908
8422
7369
3503
5239
404
8095
9319
7504
1226
5581
6258
3683
441
2070
6133
321
4551
1419
5949
2968
2433
3153
5289
5617
1887
5787
4484
3734
572
8242
1254
2241
5375
7601
1178
5966
5135
9666
1472
5823
8585
6390
4643
4996
7787
881
662
7321
5035
5062
7022
2404
9111
3095
2008
1141
445
1318
9483
2028
6728
7174
2659
7757
124
604
8242
521
6371
6091
1029
7826
9719
8325
9611
5233
8921
814
4140
971
4981
8666
3106
3507
7725
6871
7229
9691
9758
2533
8123
5512
820
2252
9482
6997
168
201
2169
7041
122
6968
6525
8280
4740
8019
8324
6267
3521
2649
9351
4101
2481
3380
758
8708
5205
9119
992
1803
8878
6311
459
574
9749
3940
5171
6005
197
612
4225
7645
1131
4803
7131
2491
67
140
1713
7394
9849
9669
4733
7057
4588
8990
9226
7856
966
5157
1245
2468
5541
243
4039
7808
161
9881
6916
4387
3827
5083
7706
1725
6506
7320
5468
1443
3815
554
8207
3429
9329
9541
4609
5786
160
7171
2127
4626
7414
1443
4453
767
4214
7788
9296
6927
8593
8247
9945
146
9309
9103
1473
7105
3743
9062
603
8599
7956
8230
229
8530
8616
6791
1235
7965
2182
5159
6628
8767
674
7599
8234
2308
3287
7179
9659
6187
5696
6652
3895
6798
9852
7350
8434
5854
221
7225
1291
3595
2289
3541
9357
5181
5611
7132
534
9995
194
9440
9938
7032
5997
7226
4438
5087
559
9832
9811
2377
2998
2069
6410
718
5857
2556
7040
5015
6505
1218
5746
6306
9520
3206
5769
8027
8521
2653
2198
6391
7058
2320
4650
1292
4556
6037
4732
3023
5157
8404
8418
3214
6891
916
4266
8267
3671
9012
8971
1869
8546
7972
8790
3267
3900
7475
7963
4537
3861
1727
8216
4683
4013
3457
6956
6435
855
7440
3100
4592
9829
1085
4588
82
9265
772
3079
2765
2549
541
7660
1099
1831
7909
4672
3485
5838
3487
7755
3651
5649
37
9916
4384
7435
6246
196
3105
7553
1300
1421
7349
8795
8002
568
8010
8219
4032
8526
123
465
8710
2478
1373
7409
7558
7709
3666
2693
2004
7204
4037
5381
9404
4608
4975
8581
8649
9384
1696
9643
3070
9998
8425
3463
3159
6672
2623
5255
6597
7461
4043
7320
947
4481
5490
8347
4531
2831
1669
4871
1594
5942
7461
7669
9645
270
2931
7751
7993
8521
1012
3511
8610
4676
5355
6603
7409
9943
5793
6311
3515
8586
5500
6479
9367
4094
1492
1801
8634
4233
2818
4019
6247
2428
5214
616
1964
381
5591
2088
760
1862
2407
2754
2657
134
4843
9438
3218
1853
1205
2710
8275
4633
1450
864
5040
5795
4659
4015
6964
9870
7467
7215
5163
489
5131
9701
6672
9226
9571
5474
9263
7589
1510
2828
2280
8625
888
9832
9862
1153
6367
3924
9617
7016
6872
4696
8610
6436
49
8735
2947
1689
859
9019
8849
1963
8105
336
6234
9655
106
5356
1936
9460
5515
7552
1461
400
64
5251
7577
157
4418
8146
5509
4480
5483
8392
8342
9578
5990
445
5816
1344
6597
2255
586
3893
8664
6948
9753
2822
2391
8526
4649
8386
6619
7371
7535
9932
7746
3637
3401
2577
7483
8431
5580
3
4850
1264
9230
9469
3502
2898
104
1490
5610
9537
4042
3363
9126
7787
211
9797
149
7399
1354
6071
3220
5209
3811
1645
4972
5923
8506
5195
5820
9156
3410
5880
4412
8533
5532
4813
3020
9202
7381
7659
7495
8314
6248
4027
8771
3897
9063
725
7968
5908
9259
7640
1274
3328
1563
8667
1997
3628
6783
9904
7953
181
1865
560
8118
5049
6217
4673
5917
8286
9730
5856
1733
133
8330
9660
8349
5087
7567
6357
2867
9458
2237
3784
7278
6082
7097
7574
3357
5545
8969
4255
4895
9320
7849
6511
6880
5822
6371
1183
7779
4844
9997
9882
1859
2700
8229
6907
1187
5493
3448
5440
5720
7691
9011
9892
9115
6358
378
8578
8748
7812
5640
5173
2979
9527
7954
53
3155
9608
9029
4284
8259
4007
1390
52
7551
6452
7098
2989
327
225
6164
4432
4540
8487
6261
7737
3221
9271
1950
6880
2653
1520
7904
6958
6585
5027
1177
8649
9367
5415
5025
3361
7693
8893
8489
2491
9238
3013
1349
222
4117
7874
7506
4523
9121
4937
6926
4763
8721
8835
3833
875
515
3146
2983
1011
1900
4406
446
4240
1888
6338
8236
7790
3892
5225
5620
9998
327
78
7267
2225
8360
2726
3632
7626
1126
2590
9210
6112
705
8441
7015
1340
4362
8796
9489
8482
595
7411
9361
9235
3212
9001
9169
9337
8228
2971
2787
864
5732
3203
4307
4079
3749
5039
6107
7346
2763
7229
939
4890
4075
6731
1492
4206
9
708
7856
7529
7288
8231
9392
3787
2465
2015
6562
997
4550
9712
1111
5155
9915
5935
8184
813
8891
4079
5236
1935
5119
1043
3470
7997
812
7567
9461
1528
7510
6889
9208
3829
5194
2206
955
6757
3785
5176
4642
3340
3903
7475
803
538
6721
4100
5499
696
5559
8630
5624
7567
8761
7586
4460
5137
7557
5655
3102
7857
7389
6647
8695
3187
3334
6234
9106
9634
3144
4675
3613
9317
4868
552
9986
5957
7595
1239
9389
9539
4624
5779
7629
7307
7641
6019
2089
9458
8507
880
2761
8808
2068
3969
179
7910
5889
4823
3907
7087
2602
6853
2617
1293
4734
7611
8521
9621
3269
438
6773
5249
4986
9587
2493
6195
1204
9234
8359
9508
1800
7226
7110
1651
3804
6124
4588
6527
1990
3758
2925
5347
4322
7229
5163
7922
3217
1962
5213
2493
4191
1204
4031
8220
6486
6031
680
6055
6436
4766
6117
3859
4569
8420
8527
7302
4772
5396
2434
3483
6828
1001
3970
5612
5877
5889
8983
1594
135
743
7491
2923
6826
9872
4669
5072
3217
6521
9433
6517
205
2415
281
5299
2351
8124
5228
2048
6879
83
6906
9241
8993
7444
8971
2997
5140
9957
1835
9630
760
695
8963
7860
3878
1531
2304
7495
1697
2189
9064
3508
5512
5244
3031
9900
7131
9668
1319
3082
9104
8202
5277
2935
4717
4236
1252
7570
4460
3976
9132
1171
3880
7161
4358
221
9318
4712
1297
8226
7194
1209
5251
8059
4739
4186
2964
5085
6468
3473
2034
9322
1529
2555
3838
5797
8884
2849
6451
1167
9214
6045
1247
2515
8060
7264
6482
3717
9252
6119
8336
3758
6345
7095
7715
7435
5725
1087
7501
7956
9961
7917
8286
4162
461
8274
268
6748
2403
6611
490
8404
814
345
4332
9705
450
1874
1109
3646
5793
7308
8168
3371
7936
1522
8004
7066
3669
8689
2118
1948
9779
7680
9701
4176
3776
4240
6551
4060
3122
3475
9822
5501
7499
1240
495
4144
842
4522
6024
3754
3894
7398
563
2254
1254
7241
8644
2628
6400
2696
320
7052
2814
7097
2061
2209
5893
2229
5086
4185
6012
4669
1800
6086
4295
9086
4551
1719
558
6443
1606
5045
6276
625
3511
1414
4739
2764
9927
8995
6541
5967
4982
7361
1632
6562
3170
7713
2287
1424
1319
4558
3572
5489
5327
621
2365
1627
2501
1527
6985
342
9667
5963
4583
3415
8310
1588
6137
9161
7042
202
2729
3985
6814
561
691
7878
4710
1713
7414
832
2150
1838
501
7841
5807
4290
5911
2668
2186
3655
970
4916
9560
4341
2824
9443
7895
7797
3992
3484
7581
682
4290
8998
8401
6211
6570
6157
9001
5605
3996
5013
3057
678
5643
7454
7017
4371
2801
1075
7669
1512
499
2751
2656
5111
2614
3983
2688
7210
8248
9863
1301
5293
150
4033
2366
2161
6096
4294
3591
8614
3556
4291
1898
3584
6996
2473
9660
4317
8858
8677
7581
802
6398
5423
1993
5923
8958
5856
4826
1477
8357
3320
5313
5614
3218
8645
208
302
945
617
6398
8165
9283
4300
4780
155
6295
2780
6475
1415
159
4439
2625
3343
6476
8786
2578
5208
4617
6432
8103
8544
8471
7739
4307
5080
3793
7653
1354
3734
6061
8404
6784
4000
7257
2523
3401
4396
2011
2184
4936
7591
1556
4119
5918
5423
9360
896
8648
2266
6882
1340
827
5575
3788
1712
6790
3984
3656
6277
5570
6334
4382
3444
5361
6768
3925
7001
4770
7885
8827
7004
6038
3804
1648
9611
2561
4868
6188
6422
40
318
4902
8882
696
3163
1566
4263
2498
1937
7466
6106
108
4743
8552
4045
2019
4713
9879
2809
3981
6354
7135
1432
1468
7231
8401
1653
5514
1889
3097
1891
7963
2713
4593
7971
2822
261
6682
7387
8685
3263
635
7272
8375
3162
9798
2723
9069
7115
8655
9745
3934
9119
4829
8841
8086
8241
1340
1909
1458
7392
6677
7560
6163
1250
1905
6795
5167
2571
1155
1043
4677
4300
3376
4447
3102
1168
8877
8994
6533
4189
5132
5670
4094
8193
8787
4
9187
9411
8981
5134
2893
2149
4013
5213
6146
1468
2731
1514
8433
8868
3797
8048
4127
9382
1504
5775
9683
6914
5738
6000
9864
5439
8079
4916
6296
3685
9791
5931
3337
7049
6968
7117
4924
6910
6095
6808
8472
8975
2082
4889
9446
5512
3831
3741
4802
1505
3270
6931
6244
9191
4962
856
9165
1623
2193
2098
835
9765
6241
4316
5036
1365
2719
1332
363
6281
9693
1559
4000
5186
5421
6098
8091
1298
1157
6085
5068
226
8388
9841
799
7790
3110
9114
236
1098
2502
5313
5162
5882
7329
936
6514
6438
4788
9156
7079
7502
9338
1613
1005
8966
5807
8667
3934
2780
6414
2791
2414
5273
5104
7101
7956
9719
2637
5177
4417
9083
990
7886
2420
2785
9984
9129
819
4320
1834
6270
4927
8772
6146
644
5767
3598
2599
4635
6281
7975
9199
3942
916
9357
9180
8205
4522
6003
7413
7425
1555
7633
4079
7712
1168
9781
6627
4584
4679
8056
4022
8190
439
909
7283
4096
1877
8276
1445
6632
4758
1869
5741
1114
7231
6542
8762
2252
6109
8572
4812
3566
1388
4063
9693
9112
2806
5568
9081
9552
1079
4037
6797
1304
3881
7887
8023
9854
1242
7479
8699
9056
7823
5575
7871
1898
7917
7160
7087
7104
6886
1342
8950
5188
5232
1569
2981
8429
8433
4275
6296
2916
9990
166
5509
2395
3883
718
8023
6327
2513
3351
2023
8454
3788
1274
807
8420
6620
5431
3776
8902
724
4764
4878
8832
8787
6440
583
6198
3517
1477
5571
3330
4147
4623
7557
1965
6332
4248
3781
4426
5642
7164
4009
237
2052
7860
8017
3269
7647
7459
3253
2740
2415
5390
624
1529
5483
994
2867
5220
9030
1755
1711
5910
7846
266
7182
7906
4640
8139
6409
8786
7320
3919
9609
7446
7814
342
3584
2239
184
8614
9125
5189
2915
6048
4739
1419
1258
8304
1276
8779
5764
4989
8237
148
5042
2945
7731
8040
8632
6409
5605
9057
9804
4541
8190
8940
4090
1748
378
6634
2167
3589
683
4680
8237
2084
7258
2666
1239
9256
2011
9851
8855
1284
6069
3628
3230
2370
7445
9578
3754
7553
3726
6121
9171
4563
4665
5168
7979
2417
2207
705
3384
5662
8946
9351
4475
268
6219
5694
4418
3495
8773
4259
9315
9144
1128
7508
8461
1643
7860
5903
4393
3400
5334
7822
8465
9069
5155
5969
9675
6744
6876
6352
2136
4468
4369
3652
7068
4140
2383
7216
9416
6761
3079
1613
437
7906
8231
9875
4072
9854
8424
4417
7058
6483
1562
6381
3193
1715
1732
366
4589
2159
2725
4235
9250
5534
1894
9373
9449
1426
1178
8587
9277
1016
8088
8810
2953
9985
2029
392
9698
6599
6915
505
2221
1604
8871
2745
8217
5060
7801
8866
9876
1784
16
7087
1043
6720
9433
1931
6586
3984
9850
7118
1284
9560
8121
9410
8909
8745
5262
4103
1746
5398
8378
5007
6893
3781
2306
3494
9832
5159
4773
1460
5905
7786
8530
3138
3863
2257
2672
8041
2056
8309
2527
3061
4060
422
8798
120
4403
4362
6531
3069
1860
9573
1390
3188
1193
3410
6586
4213
8976
9734
2027
2045
7013
8400
6816
5536
3553
4765
9236
9284
3509
291
9799
925
9913
8498
4403
465
923
9776
4722
9481
5710
6384
3903
9357
6030
6809
257
7700
2688
489
810
1821
4380
2222
2184
9554
4781
2137
7726
7931
7205
9123
3747
3635
5160
2727
2438
792
7848
9032
6290
3387
8655
8881
9325
3615
3258
9002
9638
4078
2335
6546
1796
2442
8108
8734
1731
9835
380
1876
3311
8620
515
3243
9403
2331
1598
4322
5758
8425
4946
9044
8921
4998
824
8076
7255
9574
7780
3483
88
494
7170
7556
1008
2299
1901
1583
3525
3131
80
7274
559
3231
126
6010
9658
3581
8707
1198
4213
1181
9036
1301
1801
54
6148
969
5967
5838
1821
9847
7377
2505
464
4237
6154
8872
9087
5057